V1,V2,V3,V4,V5,V6,V7,V8,V9,V10,V11,V12,V13,V14,V15,V16,V17,V18,V19,V20,V21,V22,V23,V24,V25,V26,V27,V28,V29,V30,V31,V32,V33,V34,V35,V36,V37,V38,V39,V40,V41,V42,V43,V44,V45,V46,V47,V48,V49,V50,V51,V52,V53,V54,V55,V56,V57,V58,V59,V60,V61,V62,V63,V64,V65,V66,V67,V68,V69,V70,V71,V72,V73,V74,V75,V76,V77,V78,V79,V80,V81,V82,V83,V84,V85,V86,V87,V88,V89,V90,V91,V92,V93,V94,V95,V96,V97,V98,V99,V100
1.148382802,0.303794457,0.537911734,0.317424717,0.097076102,0.170632821,0.09126929,0.310774305,0.086294096,0.107541149,0.303794457,1.816340384,1.513966782,1.244975814,0.382178123,0.660201283,0.33833285,0.964797695,0.311570035,0.366401283,0.537911734,1.513966782,4.485880241,2.20542794,0.735146925,1.447366551,0.762170311,2.594398704,0.667209594,0.820086771,0.317424717,1.244975814,2.20542794,3.148434881,0.826399942,1.229920161,0.851134601,1.991169608,0.843581457,0.987131395,0.097076102,0.382178123,0.735146925,0.826399942,1.254461619,0.466323563,0.278505774,0.734421548,0.260610374,0.340295122,0.170632821,0.660201283,1.447366551,1.229920161,0.466323563,1.590121922,0.455288974,1.129990564,0.377536875,0.43329263,0.09126929,0.33833285,0.762170311,0.851134601,0.278505774,0.455288974,1.303737597,0.816206145,0.401057875,0.420156175,0.310774305,0.964797695,2.594398704,1.991169608,0.734421548,1.129990564,0.816206145,3.023811045,0.740806548,0.925202233,0.086294096,0.311570035,0.667209594,0.843581457,0.260610374,0.377536875,0.401057875,0.740806548,1.394160345,0.507010951,0.107541149,0.366401283,0.820086771,0.987131395,0.340295122,0.43329263,0.420156175,0.925202233,0.507010951,1.563907252
1.567118909,0.590865384,0.835290616,0.515487101,0.118800015,0.154726951,0.102427336,0.369891681,0.1276746,0.177150246,0.590865384,2.393536893,0.988098797,1.684273487,0.33631478,0.383275465,0.249784895,0.734143352,0.357987297,0.440537424,0.835290616,0.988098797,3.503041246,1.444920289,0.378069533,0.565351571,0.367354019,1.589194251,0.447270407,0.602214052,0.515487101,1.684273487,1.444920289,3.576436333,0.780878122,0.840223325,0.673149085,1.719524615,0.993269103,1.159440388,0.118800015,0.33631478,0.378069533,0.780878122,1.180919328,0.228047767,0.192592857,0.48368666,0.25141662,0.314106894,0.154726951,0.383275465,0.565351571,0.840223325,0.228047767,1.232645402,0.237560881,0.593612071,0.307912435,0.360621883,0.102427336,0.249784895,0.367354019,0.673149085,0.192592857,0.237560881,1.189103384,0.585608639,0.358653764,0.404289267,0.369891681,0.734143352,1.589194251,1.719524615,0.48368666,0.593612071,0.585608639,2.533680396,0.720189807,0.939622096,0.1276746,0.357987297,0.447270407,0.993269103,0.25141662,0.307912435,0.358653764,0.720189807,1.511595656,0.748938866,0.177150246,0.440537424,0.602214052,1.159440388,0.314106894,0.360621883,0.404289267,0.939622096,0.748938866,1.735555446
1.276199704,0.564480134,1.049570668,0.817945959,0.244154475,0.460689545,0.297917963,0.826084595,0.36872153,0.374963265,0.564480134,2.497322309,2.586902987,2.511794869,0.722323748,1.315782042,0.85183418,2.280703027,1.099446216,1.067338616,1.049570668,2.586902987,6.561639015,4.582525608,1.376575969,2.777555571,1.820966398,5.358946701,2.275981364,2.345025373,0.817945959,2.511794869,4.582525608,5.841326704,1.572664637,2.721560302,2.013662485,4.886540398,2.688993679,2.589782702,0.244154475,0.722323748,1.376575969,1.572664637,1.435967311,0.827436045,0.620356645,1.50190724,0.803180758,0.813895454,0.460689545,1.315782042,2.777555571,2.721560302,0.827436045,2.352572537,1.088991613,2.763110638,1.414922233,1.359720015,0.297917963,0.85183418,1.820966398,2.013662485,0.620356645,1.088991613,1.778194298,2.132887827,1.163979807,1.180137947,0.826084595,2.280703027,5.358946701,4.886540398,1.50190724,2.763110638,2.132887827,6.245949514,2.7172775,2.856006,0.36872153,1.099446216,2.275981364,2.688993679,0.803180758,1.414922233,1.163979807,2.7172775,2.55943923,1.833554566,0.374963265,1.067338616,2.345025373,2.589782702,0.813895454,1.359720015,1.180137947,2.856006,1.833554566,2.759781608
1.657391878,0.611773734,0.58601008,1.445404995,0.439091196,0.309341263,0.336026465,0.605817326,0.576691358,0.54722076,0.611773734,1.674471546,0.508786378,1.425595439,0.392026943,0.280531163,0.311418681,0.51786052,0.576016217,0.513676788,0.58601008,0.508786378,1.754437327,1.336793797,0.42933997,0.404759721,0.381820744,0.875590005,0.56939986,0.578630898,1.445404995,1.425595439,1.336793797,4.855706757,1.360498597,0.932493391,1.03674061,1.831168243,1.912940772,1.736733432,0.439091196,0.392026943,0.42933997,1.360498597,1.370581859,0.352708532,0.354801082,0.644645783,0.570765519,0.567711189,0.309341263,0.280531163,0.404759721,0.932493391,0.352708532,1.201419235,0.283433026,0.423258078,0.434616534,0.372084817,0.336026465,0.311418681,0.381820744,1.03674061,0.354801082,0.283433026,1.255536715,0.543670203,0.542298653,0.609425905,0.605817326,0.51786052,0.875590005,1.831168243,0.644645783,0.423258078,0.543670203,2.043303006,0.918700786,1.077068438,0.576691358,0.576016217,0.56939986,1.912940772,0.570765519,0.434616534,0.542298653,0.918700786,2.077627675,1.345220611,0.54722076,0.513676788,0.578630898,1.736733432,0.567711189,0.372084817,0.609425905,1.077068438,1.345220611,2.351361524
1.107700178,0.256520913,0.435155866,0.264369127,0.084065354,0.171229969,0.080276624,0.235182078,0.066144381,0.070957328,0.256520913,1.901921662,1.531123628,1.320570286,0.425704027,0.809483473,0.402617003,1.011929603,0.315541545,0.317056476,0.435155866,1.531123628,4.393462533,2.30808652,0.796773323,1.735658397,0.850231609,2.450740008,0.65323303,0.689508435,0.264369127,1.320570286,2.30808652,3.467867961,1.060641566,1.599208457,1.009418123,2.111932582,0.918159611,0.862231922,0.084065354,0.425704027,0.796773323,1.060641566,1.336439972,0.592938016,0.374350067,0.800246952,0.29448487,0.304936574,0.171229969,0.809483473,1.735658397,1.599208457,0.592938016,1.943620218,0.680184812,1.458278526,0.477687179,0.509789817,0.080276624,0.402617003,0.850231609,1.009418123,0.374350067,0.680184812,1.41227772,0.973704935,0.426895356,0.385134665,0.235182078,1.011929603,2.450740008,2.111932582,0.800246952,1.458278526,0.973704935,3.056438355,0.729368738,0.778284616,0.066144381,0.315541545,0.65323303,0.918159611,0.29448487,0.477687179,0.426895356,0.729368738,1.433561791,0.540601903,0.070957328,0.317056476,0.689508435,0.862231922,0.304936574,0.509789817,0.385134665,0.778284616,0.540601903,1.479242077
1.163123727,0.389169041,0.573988664,0.434562955,0.13790254,0.212554863,0.131996502,0.334567183,0.153003117,0.153199259,0.389169041,2.139016789,1.816477881,1.731369126,0.519871394,0.79402038,0.495250213,1.202476432,0.593296958,0.570780491,0.573988664,1.816477881,4.716299235,2.828796331,0.909554052,1.621451151,0.996359442,2.720527145,1.110526125,1.125074757,0.434562955,1.731369126,2.828796331,4.148044964,1.169675097,1.547278682,1.194320241,2.512203092,1.607025666,1.451425218,0.13790254,0.519871394,0.909554052,1.169675097,1.351930869,0.522822623,0.399136559,0.85573987,0.497567866,0.46042232,0.212554863,0.79402038,1.621451151,1.547278682,0.522822623,1.676464758,0.591099944,1.2678122,0.657233973,0.631521402,0.131996502,0.495250213,0.996359442,1.194320241,0.399136559,0.591099944,1.425981622,1.056939327,0.6977885,0.616880637,0.334567183,1.202476432,2.720527145,2.512203092,0.85573987,1.2678122,1.056939327,3.146938895,1.185157499,1.278098167,0.153003117,0.593296958,1.110526125,1.607025666,0.497567866,0.657233973,0.6977885,1.185157499,1.904582013,1.0237311,0.153199259,0.570780491,1.125074757,1.451425218,0.46042232,0.631521402,0.616880637,1.278098167,1.0237311,1.864585504
1.127453449,0.253498748,0.386214011,0.20155873,0.058924231,0.116574866,0.062391961,0.174767784,0.058243679,0.058699728,0.253498748,1.929301853,1.23892499,0.995626666,0.275612855,0.519428431,0.257231184,0.65493879,0.262999543,0.242149383,0.386214011,1.23892499,3.769487494,1.536347654,0.496762616,1.135437285,0.55833104,1.650343255,0.489197876,0.498595537,0.20155873,0.995626666,1.536347654,2.577417708,0.645637623,0.992444641,0.650665301,1.33643161,0.753292437,0.670648423,0.058924231,0.275612855,0.496762616,0.645637623,1.196915284,0.357191296,0.227594624,0.482855512,0.213112215,0.239274584,0.116574866,0.519428431,1.135437285,0.992444641,0.357191296,1.50341676,0.394158248,0.864837714,0.328560458,0.336818147,0.062391961,0.257231184,0.55833104,0.650665301,0.227594624,0.394158248,1.246419861,0.647264506,0.334558245,0.288861088,0.174767784,0.65493879,1.650343255,1.33643161,0.482855512,0.864837714,0.647264506,2.271100151,0.580392755,0.602958956,0.058243679,0.262999543,0.489197876,0.753292437,0.213112215,0.328560458,0.334558245,0.580392755,1.375829801,0.458995924,0.058699728,0.242149383,0.498595537,0.670648423,0.239274584,0.336818147,0.288861088,0.602958956,0.458995924,1.423180747
1.320141877,0.737484989,1.12777565,1.44630038,0.608090123,0.599006514,0.468481766,1.17019541,0.738289874,0.816814414,0.737484989,2.889859416,2.966414767,4.201814475,1.688779237,1.640161255,1.287570497,3.093648009,2.087375561,2.26743431,1.12777565,2.966414767,6.455301224,6.949010446,2.950912224,3.069360597,2.327374261,6.216391312,3.790556063,4.239602006,1.44630038,4.201814475,6.949010446,11.04580479,4.378342213,4.197334168,3.426884321,8.260844335,5.790477831,6.319842683,0.608090123,1.688779237,2.950912224,4.378342213,2.734818515,1.766416009,1.454095976,3.527584503,2.397541481,2.63511294,0.599006514,1.640161255,3.069360597,4.197334168,1.766416009,2.64339861,1.448714727,3.516243878,2.303327865,2.552615726,0.468481766,1.287570497,2.327374261,3.426884321,1.454095976,1.448714727,2.140757699,2.915195515,2.014329169,2.249417322,1.17019541,3.093648009,6.216391312,8.260844335,3.527584503,3.516243878,2.915195515,7.982887228,4.819749451,5.445912711,0.738289874,2.087375561,3.790556063,5.790477831,2.397541481,2.303327865,2.014329169,4.819749451,4.312834817,4.025022094,0.816814414,2.26743431,4.239602006,6.319842683,2.63511294,2.552615726,2.249417322,5.445912711,4.025022094,5.271391371
1.099587644,0.211223257,0.362136828,0.163479015,0.042814023,0.091054199,0.039014103,0.135544805,0.037457756,0.046836464,0.211223257,1.686729281,1.152276389,0.834027796,0.223815393,0.394896843,0.179435036,0.508149879,0.166287766,0.164880253,0.362136828,1.152276389,3.63092333,1.269847982,0.372837883,0.93024056,0.38196164,1.401959759,0.338535031,0.339661139,0.163479015,0.834027796,1.269847982,2.199081868,0.491543183,0.720724195,0.458182033,0.942613775,0.47697924,0.473353491,0.042814023,0.223815393,0.372837883,0.491543183,1.13465659,0.255570633,0.169499836,0.318854387,0.137693854,0.160789552,0.091054199,0.394896843,0.93024056,0.720724195,0.255570633,1.344641057,0.287133473,0.607357917,0.233498812,0.22051215,0.039014103,0.179435036,0.38196164,0.458182033,0.169499836,0.287133473,1.149288815,0.406985092,0.221664352,0.190595361,0.135544805,0.508149879,1.401959759,0.942613775,0.318854387,0.607357917,0.406985092,1.891891484,0.355337284,0.369774462,0.037457756,0.166287766,0.338535031,0.47697924,0.137693854,0.233498812,0.221664352,0.355337284,1.21794384,0.317864095,0.046836464,0.164880253,0.339661139,0.473353491,0.160789552,0.22051215,0.190595361,0.369774462,0.317864095,1.26953419
1.115009223,0.224440651,0.387853941,0.160884779,0.041789322,0.07727899,0.03923717,0.112419146,0.035751012,0.045006055,0.224440651,1.736606301,1.030886817,0.816570889,0.203159911,0.319294947,0.160868795,0.386834578,0.169138527,0.166488098,0.387853941,1.030886817,3.372693321,1.083014092,0.282412771,0.69262435,0.294478251,1.013059044,0.274344207,0.308599548,0.160884779,0.816570889,1.083014092,2.10853087,0.398015358,0.586128095,0.394268804,0.747917128,0.484146256,0.467370604,0.041789322,0.203159911,0.282412771,0.398015358,1.098600015,0.190500412,0.106159898,0.222369625,0.124213974,0.147241578,0.07727899,0.319294947,0.69262435,0.586128095,0.190500412,1.224034009,0.199043109,0.361847092,0.159137888,0.159623258,0.03923717,0.160868795,0.294478251,0.394268804,0.106159898,0.199043109,1.130016613,0.330831279,0.229430866,0.176280812,0.112419146,0.386834578,1.013059044,0.747917128,0.222369625,0.361847092,0.330831279,1.619894078,0.323531341,0.361113532,0.035751012,0.169138527,0.274344207,0.484146256,0.124213974,0.159137888,0.229430866,0.323531341,1.264959733,0.339153093,0.045006055,0.166488098,0.308599548,0.467370604,0.147241578,0.159623258,0.176280812,0.361113532,0.339153093,1.305489619
1.1983311,0.278576426,0.455165997,0.225928031,0.058550283,0.13308483,0.063214325,0.200186008,0.056919036,0.065475363,0.278576426,1.859244489,1.212961285,0.984267547,0.25332091,0.537856526,0.240480923,0.620571034,0.21590486,0.209494979,0.455165997,1.212961285,3.73322506,1.44026621,0.43639198,1.106437457,0.501254219,1.578388726,0.412202344,0.430116676,0.225928031,0.984267547,1.44026621,2.490564472,0.577597042,0.940667449,0.573756896,1.179895881,0.608919519,0.565068008,0.058550283,0.25332091,0.43639198,0.577597042,1.161840227,0.350808784,0.193527967,0.430943427,0.174763894,0.191892233,0.13308483,0.537856526,1.106437457,0.940667449,0.350808784,1.488765388,0.373037695,0.800558816,0.291819017,0.291891515,0.063214325,0.240480923,0.501254219,0.573756896,0.193527967,0.373037695,1.204332047,0.549359817,0.291104158,0.254874652,0.200186008,0.620571034,1.578388726,1.179895881,0.430943427,0.800558816,0.549359817,2.123404082,0.501707578,0.532757994,0.056919036,0.21590486,0.412202344,0.608919519,0.174763894,0.291819017,0.291104158,0.501707578,1.348322758,0.440266902,0.065475363,0.209494979,0.430116676,0.565068008,0.191892233,0.291891515,0.254874652,0.532757994,0.440266902,1.375647897
1.165135979,0.311795328,0.463024931,0.208018774,0.048522354,0.096478336,0.049949578,0.159818658,0.052135872,0.052251603,0.311795328,1.921556427,1.182778813,0.967130466,0.213466965,0.361916976,0.177514586,0.501356389,0.195202882,0.196295081,0.463024931,1.182778813,3.490143835,1.174922431,0.29458051,0.695578414,0.336724351,1.222119377,0.313824035,0.330234101,0.208018774,0.967130466,1.174922431,2.180419928,0.395979164,0.586303895,0.388619129,0.880618325,0.534958699,0.480609163,0.048522354,0.213466965,0.29458051,0.395979164,1.089306708,0.169845969,0.100708491,0.25213515,0.126996916,0.128580524,0.096478336,0.361916976,0.695578414,0.586303895,0.169845969,1.215214445,0.207017482,0.44593812,0.18536194,0.201497642,0.049949578,0.177514586,0.336724351,0.388619129,0.100708491,0.207017482,1.117832713,0.369310579,0.217892868,0.190997958,0.159818658,0.501356389,1.222119377,0.880618325,0.25213515,0.44593812,0.369310579,1.830204525,0.381564254,0.408584303,0.052135872,0.195202882,0.313824035,0.534958699,0.126996916,0.18536194,0.217892868,0.381564254,1.277515782,0.334545535,0.052251603,0.196295081,0.330234101,0.480609163,0.128580524,0.201497642,0.190997958,0.408584303,0.334545535,1.302315726
1.139149514,0.281536799,0.510188375,0.270295034,0.08143445,0.135888753,0.080440568,0.291874086,0.062810303,0.092157046,0.281536799,1.679926977,1.226592231,0.995970218,0.290707777,0.47541028,0.281128663,0.851201147,0.219584497,0.280690681,0.510188375,1.226592231,4.306854087,1.928529549,0.600946953,1.183719893,0.739020481,2.778752568,0.563544366,0.801653293,0.270295034,0.995970218,1.928529549,3.074907308,0.800273062,1.107753214,0.886405933,2.111658282,0.780842542,0.855347362,0.08143445,0.290707777,0.600946953,0.800273062,1.227824294,0.412920334,0.317122484,0.735997835,0.230746927,0.259775839,0.135888753,0.47541028,1.183719893,1.107753214,0.412920334,1.517177774,0.453456878,1.160083138,0.321608558,0.397489883,0.080440568,0.281128663,0.739020481,0.886405933,0.317122484,0.453456878,1.359033198,1.025194384,0.411768618,0.407554497,0.291874086,0.851201147,2.778752568,2.111658282,0.735997835,1.160083138,1.025194384,3.610517531,0.806585709,1.052866977,0.062810303,0.219584497,0.563544366,0.780842542,0.230746927,0.321608558,0.411768618,0.806585709,1.452217941,0.579024522,0.092157046,0.280690681,0.801653293,0.855347362,0.259775839,0.397489883,0.407554497,1.052866977,0.579024522,1.619271876
1.143764001,0.317437334,0.543315889,0.363059519,0.1333722,0.231132881,0.117242981,0.333646794,0.097909931,0.109474962,0.317437334,1.96827625,1.786512421,1.420792176,0.527774354,0.866566608,0.438879011,1.125544874,0.36031365,0.41343067,0.543315889,1.786512421,5.302745266,2.929691915,1.265552674,2.258111997,1.15046085,3.269249904,0.895123532,1.08456813,0.363059519,1.420792176,2.929691915,3.605701744,1.207519732,1.766711066,1.101044023,2.497518383,1.031739477,1.137384142,0.1333722,0.527774354,1.265552674,1.207519732,1.43948222,0.749777871,0.485576096,1.034470055,0.392054484,0.459999259,0.231132881,0.866566608,2.258111997,1.766711066,0.749777871,2.053558581,0.72807742,1.695907035,0.559602066,0.652478164,0.117242981,0.438879011,1.15046085,1.101044023,0.485576096,0.72807742,1.42949793,1.088245987,0.466437707,0.490386574,0.333646794,1.125544874,3.269249904,2.497518383,1.034470055,1.695907035,1.088245987,3.509688241,0.890092522,1.099332031,0.097909931,0.36031365,0.895123532,1.031739477,0.392054484,0.559602066,0.466437707,0.890092522,1.463005361,0.608100805,0.109474962,0.41343067,1.08456813,1.137384142,0.459999259,0.652478164,0.490386574,1.099332031,0.608100805,1.610009683
1.309354948,0.402120187,0.786840016,0.394056535,0.166119257,0.266209001,0.098069289,0.43814715,0.076896875,0.131045673,0.402120187,1.698493233,1.36746694,1.056938279,0.425934875,0.680581767,0.232491957,0.933367045,0.191396353,0.290330785,0.786840016,1.36746694,4.482501126,2.153211068,0.948571424,1.660562231,0.611550038,2.802186267,0.465544929,0.768043173,0.394056535,1.056938279,2.153211068,3.294676053,1.267567087,1.676791275,0.74994192,2.352808399,0.580567685,0.791559987,0.166119257,0.425934875,0.948571424,1.267567087,1.497862335,0.784595007,0.34206493,1.079316329,0.267344616,0.353915048,0.266209001,0.680581767,1.660562231,1.676791275,0.784595007,1.928182502,0.464550555,1.547096022,0.365289872,0.502009943,0.098069289,0.232491957,0.611550038,0.74994192,0.34206493,0.464550555,1.210034988,0.770457041,0.21074142,0.2852868,0.43814715,0.933367045,2.802186267,2.352808399,1.079316329,1.547096022,0.770457041,3.539360827,0.591961136,0.926433095,0.076896875,0.191396353,0.465544929,0.580567685,0.267344616,0.365289872,0.21074142,0.591961136,1.193989427,0.319085783,0.131045673,0.290330785,0.768043173,0.791559987,0.353915048,0.502009943,0.2852868,0.926433095,0.319085783,1.43170623
1.146473617,0.290894002,0.513042784,0.278620125,0.066350711,0.111885816,0.05968426,0.202577681,0.079983263,0.084361834,0.290894002,1.891996073,1.214942931,1.278758611,0.302817997,0.450508026,0.250474759,0.648128998,0.352582985,0.352584125,0.513042784,1.214942931,3.673841103,1.643522807,0.416394753,0.781965067,0.405740846,1.535020326,0.574741785,0.61846561,0.278620125,1.278758611,1.643522807,3.164090486,0.696103477,0.891221669,0.608087614,1.402312863,0.973653744,0.963595391,0.066350711,0.302817997,0.416394753,0.696103477,1.161085455,0.253255472,0.173649187,0.384741833,0.247154567,0.282125765,0.111885816,0.450508026,0.781965067,0.891221669,0.253255472,1.274600734,0.226993245,0.553994563,0.310990049,0.325355803,0.05968426,0.250474759,0.405740846,0.608087614,0.173649187,0.226993245,1.172779412,0.442829277,0.37098277,0.331341218,0.202577681,0.648128998,1.535020326,1.402312863,0.384741833,0.553994563,0.442829277,2.104006346,0.647974686,0.736490718,0.079983263,0.352582985,0.574741785,0.973653744,0.247154567,0.310990049,0.37098277,0.647974686,1.525191039,0.702910543,0.084361834,0.352584125,0.61846561,0.963595391,0.282125765,0.325355803,0.331341218,0.736490718,0.702910543,1.599552217
1.135420502,0.240328748,0.403186997,0.229055341,0.06471023,0.129723529,0.065131348,0.194865039,0.057451863,0.066612135,0.240328748,1.721490351,1.198561114,0.997207447,0.287661983,0.530266729,0.255489791,0.658515842,0.22479205,0.235152421,0.403186997,1.198561114,3.92108545,1.682982553,0.540624962,1.173510175,0.616423058,1.907402543,0.501318734,0.544083906,0.229055341,0.997207447,1.682982553,2.831549153,0.738510379,1.082662919,0.682346843,1.461218199,0.697851503,0.702937357,0.06471023,0.287661983,0.540624962,0.738510379,1.211132576,0.377687219,0.229879486,0.522075126,0.205111836,0.213494038,0.129723529,0.530266729,1.173510175,1.082662919,0.377687219,1.53884926,0.429114225,0.929822887,0.354098979,0.361457634,0.065131348,0.255489791,0.616423058,0.682346843,0.229879486,0.429114225,1.235897188,0.639428783,0.340477965,0.303619664,0.194865039,0.658515842,1.907402543,1.461218199,0.522075126,0.929822887,0.639428783,2.374821826,0.556112253,0.62880345,0.057451863,0.22479205,0.501318734,0.697851503,0.205111836,0.354098979,0.340477965,0.556112253,1.353654572,0.466885168,0.066612135,0.235152421,0.544083906,0.702937357,0.213494038,0.361457634,0.303619664,0.62880345,0.466885168,1.403549369
1.67225911,0.989467913,1.638417664,2.694576651,1.14892451,1.097597999,1.001584511,2.061114406,1.86282698,1.817386631,0.989467913,2.309432844,2.294548344,3.989781397,1.705027371,1.630355382,1.470898529,3.005475286,2.655314133,2.596112347,1.638417664,2.294548344,5.798344601,7.263933229,3.192704807,3.35268984,2.911117671,6.411421726,5.207952836,5.249732226,2.694576651,3.989781397,7.263933229,13.80020923,5.685446859,5.37396865,5.113577762,10.29766168,9.608878113,9.412304196,1.14892451,1.705027371,3.192704807,5.685446859,3.318493582,2.392181192,2.204339673,4.524165735,4.010270607,4.006598835,1.097597999,1.630355382,3.35268984,5.37396865,2.392181192,3.236143401,2.159453291,4.457747444,3.84417093,3.848014762,1.001584511,1.470898529,2.911117671,5.113577762,2.204339673,2.159453291,2.971089202,4.167833124,3.821467679,3.788045402,2.061114406,3.005475286,6.411421726,10.29766168,4.524165735,4.457747444,4.167833124,9.409220337,7.67642463,7.703570543,1.86282698,2.655314133,5.207952836,9.608878113,4.010270607,3.84417093,3.821467679,7.67642463,8.063687324,7.471944978,1.817386631,2.596112347,5.249732226,9.412304196,4.006598835,3.848014762,3.788045402,7.703570543,7.471944978,8.129165458
1.150126971,0.292515195,0.427234982,0.235654022,0.059710878,0.126855248,0.069281322,0.181193622,0.06295081,0.064835155,0.292515195,1.800787569,1.283265399,1.070628034,0.277201023,0.55341687,0.280757059,0.706638376,0.274319981,0.257261327,0.427234982,1.283265399,3.870317183,1.639055103,0.472676079,1.130137366,0.58590769,1.78775983,0.557781784,0.538739488,0.235654022,1.070628034,1.639055103,2.748588715,0.634142841,0.99852898,0.660580483,1.384566375,0.804858588,0.71011888,0.059710878,0.277201023,0.472676079,0.634142841,1.156359866,0.330481885,0.206394349,0.439225325,0.221072661,0.225447898,0.126855248,0.55341687,1.130137366,0.99852898,0.330481885,1.507069544,0.401290423,0.839187218,0.353910959,0.339505461,0.069281322,0.280757059,0.58590769,0.660580483,0.206394349,0.401290423,1.245118646,0.62893887,0.377539818,0.314171033,0.181193622,0.706638376,1.78775983,1.384566375,0.439225325,0.839187218,0.62893887,2.346239172,0.591968503,0.620361272,0.06295081,0.274319981,0.557781784,0.804858588,0.221072661,0.353910959,0.377539818,0.591968503,1.44238897,0.544320643,0.064835155,0.257261327,0.538739488,0.71011888,0.225447898,0.339505461,0.314171033,0.620361272,0.544320643,1.431853045
1.124270417,0.281639003,0.443643356,0.212974699,0.057839602,0.105792184,0.053372552,0.183302588,0.059053186,0.066361267,0.281639003,1.942290236,1.411447281,1.109787452,0.28754009,0.470535596,0.239067165,0.621322421,0.256497635,0.252268522,0.443643356,1.411447281,3.856574809,1.664619333,0.481592519,0.939706166,0.481315948,1.574356372,0.451133488,0.504764054,0.212974699,1.109787452,1.664619333,2.587240802,0.599465514,0.798516959,0.540067154,1.187737882,0.65092548,0.609858397,0.057839602,0.28754009,0.481592519,0.599465514,1.16497264,0.260902036,0.178640534,0.404705013,0.188731257,0.18764925,0.105792184,0.470535596,0.939706166,0.798516959,0.260902036,1.328168009,0.275368626,0.613629036,0.257765253,0.249690343,0.053372552,0.239067165,0.481315948,0.540067154,0.178640534,0.275368626,1.179203097,0.526049169,0.27986057,0.240375084,0.183302588,0.621322421,1.574356372,1.187737882,0.404705013,0.613629036,0.526049169,2.066817898,0.483495635,0.540554893,0.059053186,0.256497635,0.451133488,0.65092548,0.188731257,0.257765253,0.27986057,0.483495635,1.323614065,0.409055239,0.066361267,0.252268522,0.504764054,0.609858397,0.18764925,0.249690343,0.240375084,0.540554893,0.409055239,1.360974909
1.202670027,0.466484332,0.787689552,0.660010453,0.193767889,0.303732119,0.198694194,0.529734293,0.254853319,0.244660179,0.466484332,2.271163701,2.03437584,2.196938393,0.645940197,0.95057904,0.614878064,1.546355291,0.819305323,0.733983233,0.787689552,2.03437584,5.400219147,3.756338703,1.177956699,2.053454809,1.264400827,3.653826296,1.61695157,1.528071017,0.660010453,2.196938393,3.756338703,5.520268519,1.583414684,2.142434327,1.586465343,3.654756604,2.30838106,2.006467518,0.193767889,0.645940197,1.177956699,1.583414684,1.456875597,0.698935667,0.532996849,1.192144586,0.719206507,0.633187623,0.303732119,0.95057904,2.053454809,2.142434327,0.698935667,1.93300579,0.752613094,1.718961255,0.968144498,0.874912393,0.198694194,0.614878064,1.264400827,1.586465343,0.532996849,0.752613094,1.524210946,1.356755616,0.892410936,0.772579718,0.529734293,1.546355291,3.653826296,3.654756604,1.192144586,1.718961255,1.356755616,4.119874373,1.842223171,1.752188108,0.254853319,0.819305323,1.61695157,2.30838106,0.719206507,0.968144498,0.892410936,1.842223171,2.270858061,1.364127297,0.244660179,0.733983233,1.528071017,2.006467518,0.633187623,0.874912393,0.772579718,1.752188108,1.364127297,2.161710601
2.23892927,0.838465888,0.780564507,2.578213433,0.906217083,0.541816717,0.566911508,1.11293474,1.010149692,1.221719888,0.838465888,1.643079592,0.528497355,1.499113872,0.571241745,0.390401918,0.352353829,0.623590798,0.55451206,0.66233225,0.780564507,0.528497355,1.885509683,1.817097216,0.657322397,0.537358481,0.506451481,1.205291777,0.835644912,1.178787143,2.578213433,1.499113872,1.817097216,6.554667419,2.29867046,1.375007089,1.47070131,2.895128079,2.746181627,3.388111121,0.906217083,0.571241745,0.657322397,2.29867046,1.866872881,0.555794769,0.62823422,1.116155754,1.090821754,1.205601066,0.541816717,0.390401918,0.537358481,1.375007089,0.555794769,1.35360999,0.434917328,0.708499573,0.618256401,0.725961146,0.566911508,0.352353829,0.506451481,1.47070131,0.62823422,0.434917328,1.369582763,0.795906609,0.795687688,0.972824146,1.11293474,0.623590798,1.205291777,2.895128079,1.116155754,0.708499573,0.795906609,2.555280858,1.497048115,1.832715174,1.010149692,0.55451206,0.835644912,2.746181627,1.090821754,0.618256401,0.795687688,1.497048115,2.39936519,2.039575516,1.221719888,0.66233225,1.178787143,3.388111121,1.205601066,0.725961146,0.972824146,1.832715174,2.039575516,3.350160963
1.105324678,0.202590043,0.336305738,0.159667451,0.049344504,0.086441522,0.043431726,0.1322772,0.035427635,0.041892263,0.202590043,1.744279408,1.031309949,0.92056846,0.256781859,0.39298858,0.178213401,0.484193443,0.184060425,0.166281134,0.336305738,1.031309949,3.512943276,1.287713636,0.439100886,0.879392112,0.367194827,1.336246914,0.355245618,0.349669154,0.159667451,0.92056846,1.287713636,2.421288515,0.577978159,0.759609762,0.496623327,1.041846641,0.571660637,0.477655379,0.049344504,0.256781859,0.439100886,0.577978159,1.177700164,0.29402272,0.185209394,0.408025278,0.179954704,0.17366133,0.086441522,0.39298858,0.879392112,0.759609762,0.29402272,1.356113475,0.255410595,0.630276924,0.225249153,0.201243338,0.043431726,0.178213401,0.367194827,0.496623327,0.185209394,0.255410595,1.179175805,0.463765047,0.258616946,0.216848401,0.1322772,0.484193443,1.336246914,1.041846641,0.408025278,0.630276924,0.463765047,1.985843656,0.429053374,0.440392065,0.035427635,0.184060425,0.355245618,0.571660637,0.179954704,0.225249153,0.258616946,0.429053374,1.305954051,0.329446563,0.041892263,0.166281134,0.349669154,0.477655379,0.17366133,0.201243338,0.216848401,0.440392065,0.329446563,1.297568086
1.37700805,0.873054004,1.46653999,1.605918699,0.549966344,0.684563478,0.623724936,1.551953932,0.87273679,1.000976009,0.873054004,3.289936333,3.915749715,4.743871245,1.569688241,1.924363802,1.757220979,4.303043149,2.538797777,2.823815891,1.46653999,3.915749715,8.493925203,8.244761462,2.815802932,3.702911789,3.288962329,8.652985076,4.713581747,5.39291783,1.605918699,4.743871245,8.244761462,11.40265626,3.714411786,4.379995681,4.243285737,10.07858116,6.383558298,7.059202943,0.549966344,1.569688241,2.815802932,3.714411786,2.193313736,1.50313919,1.446246647,3.457429956,2.106097443,2.350178816,0.684563478,1.924363802,3.702911789,4.379995681,1.50313919,2.776929523,1.749106462,4.294497861,2.508953162,2.832075298,0.623724936,1.757220979,3.288962329,4.243285737,1.446246647,1.749106462,2.64144087,4.215406454,2.646981878,2.94374612,1.551953932,4.303043149,8.652985076,10.07858116,3.457429956,4.294497861,4.215406454,11.01406934,6.098702752,7.105239448,0.87273679,2.538797777,4.713581747,6.383558298,2.106097443,2.508953162,2.646981878,6.098702752,4.878753335,4.754991848,1.000976009,2.823815891,5.39291783,7.059202943,2.350178816,2.832075298,2.94374612,7.105239448,4.754991848,6.186854319
1.628757647,0.615752809,0.771118327,1.673778795,0.663259336,0.535514823,0.478344669,1.023553812,0.877456948,1.321804742,0.615752809,1.5499352,0.709347041,1.490590087,0.658203007,0.632997345,0.42844063,0.851081188,0.727472741,1.009957576,0.771118327,0.709347041,2.320391839,2.481141476,0.98686525,0.965879932,0.759318407,1.883913326,1.236047776,1.871456826,1.673778795,1.490590087,2.481141476,7.238481878,2.778261348,2.211741278,2.020875804,3.916967947,3.484350264,5.029305666,0.663259336,0.658203007,0.98686525,2.778261348,2.129872777,0.878465765,0.836301922,1.751067966,1.444173706,2.140285555,0.535514823,0.632997345,0.965879932,2.211741278,0.878465765,1.687847512,0.635730038,1.387084523,1.120377591,1.653455087,0.478344669,0.42844063,0.759318407,2.020875804,0.836301922,0.635730038,1.679132657,1.29059939,1.131113501,1.651408548,1.023553812,0.851081188,1.883913326,3.916967947,1.751067966,1.387084523,1.29059939,3.769262779,2.14722559,3.240922432,0.877456948,0.727472741,1.236047776,3.484350264,1.444173706,1.120377591,1.131113501,2.14722559,3.051741876,3.218312207,1.321804742,1.009957576,1.871456826,5.029305666,2.140285555,1.653455087,1.651408548,3.240922432,3.218312207,5.590746517
1.087637207,0.183689764,0.317383867,0.169427679,0.061681328,0.109515124,0.048588457,0.18362847,0.042071702,0.048590226,0.183689764,1.649020881,1.129861156,0.954386452,0.330253588,0.534668523,0.24867976,0.723466929,0.218499933,0.236930029,0.317383867,1.129861156,3.908696491,1.691626219,0.654339135,1.253544499,0.581119267,2.063383763,0.470402358,0.518461327,0.169427679,0.954386452,1.691626219,2.759644921,0.838157502,1.138352963,0.697508196,1.680129485,0.700634963,0.705591147,0.061681328,0.330253588,0.654339135,0.838157502,1.322160975,0.511426889,0.293009631,0.752891029,0.24242766,0.288565899,0.109515124,0.534668523,1.253544499,1.138352963,0.511426889,1.643926201,0.462564583,1.154415364,0.335168174,0.386835626,0.048588457,0.24867976,0.581119267,0.697508196,0.293009631,0.462564583,1.26236106,0.730056978,0.315068829,0.274841675,0.18362847,0.723466929,2.063383763,1.680129485,0.752891029,1.154415364,0.730056978,2.789479697,0.600152302,0.684607535,0.042071702,0.218499933,0.470402358,0.700634963,0.24242766,0.335168174,0.315068829,0.600152302,1.361677932,0.411526897,0.048590226,0.236930029,0.518461327,0.705591147,0.288565899,0.386835626,0.274841675,0.684607535,0.411526897,1.419324741
1.234452419,0.387095728,0.618549076,0.369904435,0.127016429,0.208176928,0.107242042,0.318128197,0.11553651,0.121904144,0.387095728,2.137706502,1.588615415,1.498518722,0.458473587,0.750238081,0.398117164,0.965803684,0.442590924,0.409871232,0.618549076,1.588615415,4.326010548,2.221772262,0.765976106,1.45793581,0.731512794,2.350826862,0.766168905,0.814179436,0.369904435,1.498518722,2.221772262,3.438482089,1.008494782,1.374374555,0.918617163,1.966239223,1.165052146,1.053741774,0.127016429,0.458473587,0.765976106,1.008494782,1.305552596,0.504951068,0.332956357,0.73172221,0.384130774,0.363927348,0.208176928,0.750238081,1.45793581,1.374374555,0.504951068,1.666348952,0.507045588,1.153244785,0.539746104,0.51204458,0.107242042,0.398117164,0.731512794,0.918617163,0.332956357,0.507045588,1.302025019,0.838009021,0.467135354,0.449311417,0.318128197,0.965803684,2.350826862,1.966239223,0.73172221,1.153244785,0.838009021,2.947941398,0.900053831,1.010979011,0.11553651,0.442590924,0.766168905,1.165052146,0.384130774,0.539746104,0.467135354,0.900053831,1.602756781,0.70917631,0.121904144,0.409871232,0.814179436,1.053741774,0.363927348,0.51204458,0.449311417,1.010979011,0.70917631,1.671641793
1.201165318,0.472245902,0.631199447,0.519592119,0.126766637,0.150278535,0.102294499,0.276299999,0.163085081,0.138029385,0.472245902,2.606950245,1.997216289,2.355918744,0.567949023,0.637086797,0.463441424,1.078890503,0.701001197,0.579378248,0.631199447,1.997216289,4.394258334,3.022971271,0.777002901,1.034200989,0.706696126,1.991870753,1.056609148,0.900599277,0.519592119,2.355918744,3.022971271,4.76497541,1.165894491,1.245807338,1.0337719,2.233898075,1.686924415,1.413941308,0.126766637,0.567949023,0.777002901,1.165894491,1.284838711,0.357259805,0.292254749,0.647673802,0.458883761,0.403759337,0.150278535,0.637086797,1.034200989,1.245807338,0.357259805,1.348359415,0.349782646,0.712979781,0.493599535,0.400892947,0.102294499,0.463441424,0.706696126,1.0337719,0.292254749,0.349782646,1.276863898,0.666720668,0.542116233,0.451200808,0.276299999,1.078890503,1.991870753,2.233898075,0.647673802,0.712979781,0.666720668,2.424010731,0.986894763,0.932244546,0.163085081,0.701001197,1.056609148,1.686924415,0.458883761,0.493599535,0.542116233,0.986894763,1.850464354,0.969551587,0.138029385,0.579378248,0.900599277,1.413941308,0.403759337,0.400892947,0.451200808,0.932244546,0.969551587,1.746374046
1.155241065,0.300302806,0.559694761,0.332612367,0.094200873,0.200680224,0.089667282,0.322028042,0.09057681,0.113374281,0.300302806,1.881509629,1.656041203,1.351255834,0.375038702,0.795766282,0.357824774,1.053522738,0.348677509,0.42133671,0.559694761,1.656041203,4.851395637,2.643597049,0.787966384,1.833341377,0.858191739,2.970193151,0.807106241,1.036168695,0.332612367,1.351255834,2.643597049,3.762476716,1.015382751,1.712842432,0.999613292,2.35933023,1.090535555,1.168760097,0.094200873,0.375038702,0.787966384,1.015382751,1.312108769,0.565255509,0.315532838,0.756759859,0.311253119,0.372009356,0.200680224,0.795766282,1.833341377,1.712842432,0.565255509,1.889269275,0.555738245,1.471810338,0.511034244,0.599001846,0.089667282,0.357824774,0.858191739,0.999613292,0.315532838,0.555738245,1.344323346,0.935037606,0.443964155,0.434817647,0.322028042,1.053522738,2.970193151,2.35933023,0.756759859,1.471810338,0.935037606,3.363856611,0.863661125,1.079173582,0.09057681,0.348677509,0.807106241,1.090535555,0.311253119,0.511034244,0.443964155,0.863661125,1.51000975,0.643647545,0.113374281,0.42133671,1.036168695,1.168760097,0.372009356,0.599001846,0.434817647,1.079173582,0.643647545,1.65293097
1.102442677,0.21845126,0.320110647,0.164630794,0.036978268,0.090973378,0.040488031,0.136551872,0.044047366,0.048810508,0.21845126,1.770115811,1.193582496,0.860338177,0.19633495,0.447083461,0.193991448,0.549522168,0.204017526,0.209718474,0.320110647,1.193582496,3.690947073,1.318019608,0.355876114,1.023221225,0.423942022,1.506027088,0.403951085,0.431828858,0.164630794,0.860338177,1.318019608,2.25325288,0.469924531,0.790703783,0.505086074,1.030931684,0.586005656,0.559412264,0.036978268,0.19633495,0.355876114,0.469924531,1.114667232,0.246463169,0.157631983,0.307197165,0.146356937,0.160343267,0.090973378,0.447083461,1.023221225,0.790703783,0.246463169,1.449069872,0.325469745,0.673704616,0.281954834,0.266254367,0.040488031,0.193991448,0.423942022,0.505086074,0.157631983,0.325469745,1.181237498,0.479366823,0.290452384,0.228434328,0.136551872,0.549522168,1.506027088,1.030931684,0.307197165,0.673704616,0.479366823,2.017559212,0.475307223,0.551444531,0.044047366,0.204017526,0.403951085,0.586005656,0.146356937,0.281954834,0.290452384,0.475307223,1.340655094,0.414640377,0.048810508,0.209718474,0.431828858,0.559412264,0.160343267,0.266254367,0.228434328,0.551444531,0.414640377,1.33935698
1.290305225,0.740523669,1.176090802,1.166716453,0.36079104,0.490193583,0.395171148,0.970836789,0.515513527,0.536271421,0.740523669,3.097775451,3.538257538,3.989561331,1.18694505,1.624031041,1.324515083,3.100755441,1.707945878,1.692300742,1.176090802,3.538257538,7.567778547,6.715169307,2.06225208,3.038373089,2.450283187,6.19499277,3.15673037,3.190814557,1.166716453,3.989561331,6.715169307,8.888722237,2.656036252,3.511803062,3.089986914,6.834633003,4.135197255,4.102075334,0.36079104,1.18694505,2.06225208,2.656036252,1.791864342,1.121128883,0.99967899,2.215477379,1.306928111,1.318887578,0.490193583,1.624031041,3.038373089,3.511803062,1.121128883,2.422874499,1.378862216,3.014880799,1.754427801,1.719194981,0.395171148,1.324515083,2.450283187,3.089986914,0.99967899,1.378862216,2.156562741,2.711028364,1.692092385,1.666561407,0.970836789,3.100755441,6.19499277,6.834633003,2.215477379,3.014880799,2.711028364,6.935363653,3.519641439,3.667691272,0.515513527,1.707945878,3.15673037,4.135197255,1.306928111,1.754427801,1.692092385,3.519641439,3.215113108,2.524862391,0.536271421,1.692300742,3.190814557,4.102075334,1.318887578,1.719194981,1.666561407,3.667691272,2.524862391,3.396937486
1.699253661,0.361540663,0.524600708,1.828490959,0.424184325,0.215097991,0.442274331,0.854470683,1.033391818,1.47995563,0.361540663,1.230155753,0.258326912,1.022041781,0.231304324,0.157089023,0.244303667,0.451280867,0.527560912,0.760356346,0.524600708,0.258326912,1.499990415,1.438649548,0.342113358,0.205833852,0.395966291,0.823444052,0.842107487,1.262670511,1.828490959,1.022041781,1.438649548,6.794113499,1.420676845,0.859160139,1.739177363,3.026744187,3.548231016,5.213199994,0.424184325,0.231304324,0.342113358,1.420676845,1.310594272,0.188780022,0.384763121,0.688429911,0.765469131,1.10086631,0.215097991,0.157089023,0.205833852,0.859160139,0.188780022,1.115068764,0.246529749,0.427927414,0.458579717,0.674955434,0.442274331,0.244303667,0.395966291,1.739177363,0.384763121,0.246529749,1.449273829,0.868747742,1.068996531,1.507763897,0.854470683,0.451280867,0.823444052,3.026744187,0.688429911,0.427927414,0.868747742,2.534165681,1.797118189,2.726161047,1.033391818,0.527560912,0.842107487,3.548231016,0.765469131,0.458579717,1.068996531,1.797118189,3.187075988,3.577378768,1.47995563,0.760356346,1.262670511,5.213199994,1.10086631,0.674955434,1.507763897,2.726161047,3.577378768,5.897021654
1.165009392,0.295398004,0.535089688,0.313522203,0.102570187,0.188486178,0.102144557,0.264105883,0.090101237,0.102982646,0.295398004,1.955800802,1.450235049,1.394123122,0.442666998,0.746195956,0.393528491,0.882118585,0.368232224,0.343915376,0.535089688,1.450235049,4.234871067,2.246516396,0.765710384,1.540800876,0.794381068,2.185218067,0.704350503,0.671959306,0.313522203,1.394123122,2.246516396,3.556986372,0.994585595,1.467557801,1.004558087,1.970753437,1.083307196,0.948189847,0.102570187,0.442666998,0.765710384,0.994585595,1.294314878,0.544632988,0.344562086,0.712892934,0.328698806,0.307140266,0.188486178,0.746195956,1.540800876,1.467557801,0.544632988,1.762535603,0.582003512,1.19765989,0.496008403,0.459088237,0.102144557,0.393528491,0.794381068,1.004558087,0.344562086,0.582003512,1.381617042,0.899787,0.488164374,0.38726525,0.264105883,0.882118585,2.185218067,1.970753437,0.712892934,1.19765989,0.899787,2.776562596,0.802267127,0.807622831,0.090101237,0.368232224,0.704350503,1.083307196,0.328698806,0.496008403,0.488164374,0.802267127,1.517094044,0.56160259,0.102982646,0.343915376,0.671959306,0.948189847,0.307140266,0.459088237,0.38726525,0.807622831,0.56160259,1.520612575
