"V1","V2","V3","V4","V5","V6","V7","V8","V9","V10","V11","V12","V13","V14","V15","V16","V17","V18","V19","V20","V21","V22","V23","V24","V25","V26","V27","V28","V29","V30","V31","V32","V33","V34","V35","V36","V37","V38","V39","V40","V41","V42","V43","V44","V45","V46","V47","V48","V49","V50","V51","V52","V53","V54","V55","V56","V57","V58","V59","V60","V61","V62","V63","V64","V65","V66","V67","V68","V69","V70","V71","V72","V73","V74","V75","V76","V77","V78","V79","V80","V81","V82","V83","V84","V85","V86","V87","V88","V89","V90","V91","V92","V93","V94","V95","V96","V97","V98","V99","V100"
1.35902424832357,0.519380229881954,0.75729715885957,0.774678640927795,0.290272573748387,0.306509604099459,0.186890855661974,0.546128831524219,0.223793110863202,0.274638872202929,0.519380229881954,2.15459840188621,1.56454713870812,1.93277928598781,0.66034281519752,0.771998790320578,0.444686037361928,1.19760183894197,0.534784874298029,0.591164335927302,0.75729715885957,1.56454713870812,4.19722972699578,2.82156567671021,1.07385371750888,1.44233283181367,0.789782481689418,2.57548208065286,0.835712965781997,0.998194114978298,0.774678640927795,1.93277928598781,2.82156567671021,5.21377003269015,1.80098946058697,1.90699204029321,1.24281826034426,3.07267000955907,1.54606377902681,1.70368421950605,0.290272573748387,0.66034281519752,1.07385371750888,1.80098946058697,1.68459719943921,0.802337029828715,0.495243071566376,1.25488242635012,0.584392025494978,0.688603269524397,0.306509604099459,0.771998790320578,1.44233283181367,1.90699204029321,0.802337029828715,1.81047185937244,0.563128495370723,1.40946645750211,0.599140533950703,0.689581782738306,0.186890855661974,0.444686037361928,0.789782481689418,1.24281826034426,0.495243071566376,0.563128495370723,1.36255514760666,0.981269108502135,0.512317101484664,0.528414026113183,0.546128831524219,1.19760183894197,2.57548208065286,3.07267000955907,1.25488242635012,1.40946645750211,0.981269108502135,3.43790493150783,1.03812816833539,1.25401029741919,0.223793110863202,0.534784874298029,0.835712965781997,1.54606377902681,0.584392025494978,0.599140533950703,0.512317101484664,1.03812816833539,1.63801990547969,0.785966462307192,0.274638872202929,0.591164335927302,0.998194114978298,1.70368421950605,0.688603269524397,0.689581782738306,0.528414026113183,1.25401029741919,0.785966462307192,1.79633113498161
1.41325132363945,0.544796604576818,0.862414358921599,0.874411001643337,0.341982350433392,0.361267009157115,0.202880261964846,0.639048205419081,0.205171845432762,0.281493944344091,0.544796604576818,2.05969863569529,1.51980298534537,1.86837609182663,0.668236613003034,0.771399457489291,0.411381928692153,1.19640613903725,0.427540282037578,0.513547567079173,0.862414358921599,1.51980298534537,4.25236665536992,3.01696420160466,1.21076910531015,1.52607601521144,0.789276683539648,2.72437107163853,0.740677962840389,0.973905989056168,0.874411001643337,1.86837609182663,3.01696420160466,5.50491057785269,2.0211446408625,2.14601029538297,1.25622213251102,3.38943405084327,1.33431651951434,1.61617934213344,0.341982350433392,0.668236613003034,1.21076910531015,2.0211446408625,1.82047111501825,0.9532610942979,0.516598894265063,1.43709514186137,0.517631079811662,0.667802615245537,0.361267009157115,0.771399457489291,1.52607601521144,2.14601029538297,0.9532610942979,1.9325023679422,0.570796384875715,1.56167652797987,0.54622610329863,0.683201843911355,0.202880261964846,0.411381928692153,0.789276683539648,1.25622213251102,0.516598894265063,0.570796384875715,1.34011039997763,0.996826519846778,0.415449720734322,0.469746020528515,0.639048205419081,1.19640613903725,2.72437107163853,3.38943405084327,1.43709514186137,1.56167652797987,0.996826519846778,3.68096558307407,0.932792789318648,1.2548513489309,0.205171845432762,0.427540282037578,0.740677962840389,1.33431651951434,0.517631079811662,0.54622610329863,0.415449720734322,0.932792789318648,1.46769733592616,0.640606483687326,0.281493944344091,0.513547567079173,0.973905989056168,1.61617934213344,0.667802615245537,0.683201843911355,0.469746020528515,1.2548513489309,0.640606483687326,1.72892304430953
1.40376974914521,0.665243116478703,1.04318907488195,1.05609093436714,0.375505707355738,0.448512775473566,0.302327301104747,0.848054506221011,0.396591363944128,0.450817120674604,0.665243116478703,2.49419807094259,2.30340952389055,2.7365955025917,0.909436895491712,1.13186322235502,0.767807474147437,2.03788511195901,1.06878946250884,1.14833317598799,1.04318907488195,2.30340952389055,5.61476494890206,4.46857798806291,1.60198693065849,2.19134878161091,1.45449025248297,4.33410329602341,1.91376067241893,2.16424279863608,1.05609093436714,2.7365955025917,4.46857798806291,6.82064039583429,2.28967710373159,2.66110503134084,1.95767618797451,4.91151613164101,2.70483646434402,2.86650962308638,0.375505707355738,0.909436895491712,1.60198693065849,2.28967710373159,1.80553238679042,1.00374509355123,0.7264029965168,1.84024826110115,0.964544080772421,1.06242898399266,0.448512775473566,1.13186322235502,2.19134878161091,2.66110503134084,1.00374509355123,2.12612930388423,0.872513281479921,2.25023708207918,1.14636878361072,1.25686434823435,0.302327301104747,0.767807474147437,1.45449025248297,1.95767618797451,0.7264029965168,0.872513281479921,1.64380292516842,1.75038609042968,0.990631332014139,1.03958648031381,0.848054506221011,2.03788511195901,4.33410329602341,4.91151613164101,1.84024826110115,2.25023708207918,1.75038609042968,5.37642839750842,2.28697259532852,2.60442896605856,0.396591363944128,1.06878946250884,1.91376067241893,2.70483646434402,0.964544080772421,1.14636878361072,0.990631332014139,2.28697259532852,2.39410350361661,1.62864094201919,0.450817120674604,1.14833317598799,2.16424279863608,2.86650962308638,1.06242898399266,1.25686434823435,1.03958648031381,2.60442896605856,1.62864094201919,2.63123990497335
1.61264888864733,0.47588845400469,0.585125921951975,1.30268777696321,0.464393304651409,0.31796026319565,0.324183029958292,0.687231244095834,0.606269537065317,0.729879338836992,0.47588845400469,1.30473677272581,0.249947401301267,0.897394316639621,0.311789649955322,0.165740486094514,0.184527710985583,0.343369826366107,0.383799400166988,0.48004562298452,0.585125921951975,0.249947401301267,1.49165029103873,1.13992682882477,0.41791353704384,0.217633856675686,0.283159902369949,0.665887185801038,0.574689238588226,0.804922676243647,1.30268777696321,0.897394316639621,1.13992682882477,5.03181830649736,1.55169616208536,0.993806785918241,1.14221002689586,2.21613374532058,2.21562403045397,2.72195724109198,0.464393304651409,0.311789649955322,0.41791353704384,1.55169616208536,1.54646923427363,0.405733291527892,0.404872848258033,0.81256722757479,0.683146146901551,0.858282568366814,0.31796026319565,0.165740486094514,0.217633856675686,0.993806785918241,0.405733291527892,1.20469216742061,0.248965743112354,0.475588471903328,0.427842853525222,0.553890335194641,0.324183029958292,0.184527710985583,0.283159902369949,1.14221002689586,0.404872848258033,0.248965743112354,1.32191978785003,0.685177577994388,0.67528472295364,0.867902662588877,0.687231244095834,0.343369826366107,0.665887185801038,2.21613374532058,0.81256722757479,0.475588471903328,0.685177577994388,2.30143512988086,1.32264066529661,1.84962282316398,0.606269537065317,0.383799400166988,0.574689238588226,2.21562403045397,0.683146146901551,0.427842853525222,0.67528472295364,1.32264066529661,2.57259004299888,2.19397815834913,0.729879338836992,0.48004562298452,0.804922676243647,2.72195724109198,0.858282568366814,0.553890335194641,0.867902662588877,1.84962282316398,2.19397815834913,3.64699262902672
1.10022559340982,0.268857008026959,0.38600424288761,0.130013731549399,0.0382357260574919,0.0932153295696332,0.0238977058761824,0.107482859650893,0.00440504853700612,-0.0271373022106802,0.268857008026959,2.00496812009925,1.3266309736952,1.310232039423,0.381842131603571,0.563745199899426,0.282871486906733,0.72788003008833,0.308215928738346,0.263944150734194,0.38600424288761,1.3266309736952,3.8739724764291,1.68606138039699,0.560437434135873,1.08763195536204,0.515798764583008,1.77463553254915,0.464297222092926,0.433081383468638,0.130013731549399,1.310232039423,1.68606138039699,3.00115250076152,0.828931043021482,1.05244148677474,0.669734759464009,1.39091312312698,0.828240132963389,0.623324751020375,0.0382357260574919,0.381842131603571,0.560437434135873,0.828931043021482,1.26255822086897,0.407922308793551,0.251356863572762,0.531530460304153,0.273099588512486,0.239602160344606,0.0932153295696332,0.563745199899426,1.08763195536204,1.05244148677474,0.407922308793551,1.48894225008544,0.372460506571052,0.815231913933986,0.32287164154665,0.285858926989471,0.0238977058761824,0.282871486906733,0.515798764583008,0.669734759464009,0.251356863572762,0.372460506571052,1.21897443436721,0.569493115589745,0.336455629029896,0.238300942423972,0.107482859650893,0.72788003008833,1.77463553254915,1.39091312312698,0.531530460304153,0.815231913933986,0.569493115589745,2.23450083958336,0.509614419068939,0.447211404397231,0.00440504853700612,0.308215928738346,0.464297222092926,0.828240132963389,0.273099588512486,0.32287164154665,0.336455629029896,0.509614419068939,1.39886723957012,0.411941065862666,-0.0271373022106802,0.263944150734194,0.433081383468638,0.623324751020375,0.239602160344606,0.285858926989471,0.238300942423972,0.447211404397231,0.411941065862666,1.21739914350005
1.1759213033642,0.48126300406922,0.828099058070188,0.694900584502078,0.227872050071614,0.353719366854056,0.248259365689002,0.688171767323189,0.365170171427839,0.394410771948466,0.48126300406922,2.35835035398931,2.28195667054243,2.46480330130381,0.791609595138921,1.11016761060412,0.777666912893032,2.02062411259892,1.13150004993499,1.19271739800458,0.828099058070188,2.28195667054243,5.81264196626538,4.3080821538492,1.49815758840622,2.30842883542096,1.56293725483659,4.56543325427331,2.15647589678004,2.39988913838313,0.694900584502078,2.46480330130381,4.3080821538492,6.12546582003708,1.88164057452632,2.4748548551052,1.99679207384508,4.81449282507824,3.06928937784549,3.16382532833814,0.227872050071614,0.791609595138921,1.49815758840622,1.88164057452632,1.61628633017699,0.893982340481279,0.698936167307126,1.7167253522366,0.999796188750141,1.04868105178853,0.353719366854056,1.11016761060412,2.30842883542096,2.4748548551052,0.893982340481279,2.1356378769671,0.924103628398527,2.33002881967201,1.24394307758375,1.32161992852462,0.248259365689002,0.777666912893032,1.56293725483659,1.99679207384508,0.698936167307126,0.924103628398527,1.72592522329743,1.93064400090734,1.22641897635821,1.26474781876227,0.688171767323189,2.02062411259892,4.56543325427331,4.81449282507824,1.7167253522366,2.33002881967201,1.93064400090734,5.70114368709534,2.78030063689184,3.11105578085523,0.365170171427839,1.13150004993499,2.15647589678004,3.06928937784549,0.999796188750141,1.24394307758375,1.22641897635821,2.78030063689184,2.97428534057128,2.3128355933316,0.394410771948466,1.19271739800458,2.39988913838313,3.16382532833814,1.04868105178853,1.32161992852462,1.26474781876227,3.11105578085523,2.3128355933316,3.33386560236657
1.13661427458897,0.329883301516353,0.48441989024165,0.313085325187102,0.0979705486958029,0.157975911345774,0.0942982245328227,0.254611265773994,0.131613767233547,0.116127447215455,0.329883301516353,2.11325887974647,1.56247798340445,1.61759857920159,0.482852336894038,0.687675666534651,0.411071134804681,1.01875088175352,0.551802921845775,0.526962359985625,0.48441989024165,1.56247798340445,4.26919253633973,2.26287224645008,0.733926885021488,1.31714805596622,0.752743288984115,2.29773333431447,0.911723008039962,0.918617367554187,0.313085325187102,1.61759857920159,2.26287224645008,3.76146338530698,1.06135218701379,1.32730068656993,0.999387299202537,2.11837391712779,1.4580500297551,1.3142944957989,0.0979705486958029,0.482852336894038,0.733926885021488,1.06135218701379,1.32761311858936,0.478057321026203,0.361268488591751,0.762329953576836,0.492578752914116,0.475000249735665,0.157975911345774,0.687675666534651,1.31714805596622,1.32730068656993,0.478057321026203,1.59463740701955,0.500976715945179,1.10691871203336,0.574904922727559,0.560807899800795,0.0942982245328227,0.411071134804681,0.752743288984115,0.999387299202537,0.361268488591751,0.500976715945179,1.3496639198481,0.879213224591785,0.578802829607122,0.514123903010805,0.254611265773994,1.01875088175352,2.29773333431447,2.11837391712779,0.762329953576836,1.10691871203336,0.879213224591785,2.91609069362806,1.08114554837696,1.0888474244443,0.131613767233547,0.551802921845775,0.911723008039962,1.4580500297551,0.492578752914116,0.574904922727559,0.578802829607122,1.08114554837696,1.81644149960618,0.903776124033015,0.116127447215455,0.526962359985625,0.918617367554187,1.3142944957989,0.475000249735665,0.560807899800795,0.514123903010805,1.0888474244443,0.903776124033015,1.76636230202759
1.50516925540805,0.931950168507699,1.34076617591689,1.65309209572796,0.566378936994317,0.632491129661236,0.503883119496415,1.29232082088456,0.790740473414804,0.879968369754338,0.931950168507699,3.07237963550148,3.10005734039946,4.21560820748935,1.41800931134673,1.63539245239336,1.26053465175997,3.14465065074463,1.97929776205139,2.10372124535032,1.34076617591689,3.10005734039946,6.57939390123048,6.57647700622068,2.32920259600185,2.90705862388904,2.21348882615989,6.01171642437521,3.35330768628049,3.69592628888199,1.65309209572796,4.21560820748935,6.57647700622068,10.3108843787747,3.42339435406724,3.79843927767893,3.21688246471614,7.73726106733302,5.264574461655,5.58916548171702,0.566378936994317,1.41800931134673,2.32920259600185,3.42339435406724,2.17381081608586,1.3869875486846,1.15999982166252,2.7873444070313,1.81639727052614,1.95849492695102,0.632491129661236,1.63539245239336,2.90705862388904,3.79843927767893,1.3869875486846,2.53699117548032,1.31466635030452,3.20426207085838,1.99060470111074,2.12972988450902,0.503883119496415,1.26053465175997,2.21348882615989,3.21688246471614,1.15999982166252,1.31466635030452,2.08218498493391,2.76138949589877,1.88703234301081,2.0039666236051,1.29232082088456,3.14465065074463,6.01171642437521,7.73726106733302,2.7873444070313,3.20426207085838,2.76138949589877,7.62162004848898,4.29962191408209,4.79389037014413,0.790740473414804,1.97929776205139,3.35330768628049,5.264574461655,1.81639727052614,1.99060470111074,1.88703234301081,4.29962191408209,4.08648924288754,3.60705924980981,0.879968369754338,2.10372124535032,3.69592628888199,5.58916548171702,1.95849492695102,2.12972988450902,2.0039666236051,4.79389037014413,3.60705924980981,4.69837196826882
1.14347165797587,0.312491824861967,0.485267680063397,0.305705604550693,0.094088467995578,0.151864371647159,0.0880437431572392,0.26216215348028,0.10678303165302,0.107810096694147,0.312491824861967,2.01941433464799,1.4369587544032,1.49581423731365,0.439607148595245,0.630139246638003,0.370584033554971,0.933344792039785,0.47319023892588,0.457109735630921,0.485267680063397,1.4369587544032,4.06355197711697,2.16939672915203,0.716820084224666,1.23014772563846,0.697833353984358,2.1668923480298,0.805835633270064,0.837157958997531,0.305705604550693,1.49581423731365,2.16939672915203,3.76751610375625,1.06041477546303,1.31735128717301,0.970024290924883,2.13620370316559,1.37377919862636,1.30057598410836,0.094088467995578,0.439607148595245,0.716820084224666,1.06041477546303,1.34419317245954,0.496737012509972,0.340352748972179,0.76487597191473,0.421983371443675,0.425546365351383,0.151864371647159,0.630139246638003,1.23014772563846,1.31735128717301,0.496737012509972,1.58582870032776,0.469122688655405,1.05761476797977,0.499076244355158,0.496737813883824,0.0880437431572392,0.370584033554971,0.697833353984358,0.970024290924883,0.340352748972179,0.469122688655405,1.32938383215968,0.844456942769592,0.546698456109859,0.501025334008871,0.26216215348028,0.933344792039785,2.1668923480298,2.13620370316559,0.76487597191473,1.05761476797977,0.844456942769592,2.88330987303139,1.03788626321242,1.11564601622022,0.10678303165302,0.47319023892588,0.805835633270064,1.37377919862636,0.421983371443675,0.499076244355158,0.546698456109859,1.03788626321242,1.83235681634788,0.968772759809311,0.107810096694147,0.457109735630921,0.837157958997531,1.30057598410836,0.425546365351383,0.496737813883824,0.501025334008871,1.11564601622022,0.968772759809311,1.89766951417899
1.1446263040765,0.214871880194682,0.390538026292457,0.147996949247655,0.0405773018846858,0.0899534811384268,0.0216992917001958,0.146608057361491,-0.0240454927274718,0.00145539826871345,0.214871880194682,1.67296546245687,0.990444670861379,0.791632137690735,0.213711984066556,0.395150561916511,0.146653936779284,0.462220650466662,0.0545356116819511,0.0724090390509519,0.390538026292457,0.990444670861379,3.5284611370067,1.28719611818715,0.447274703839007,0.950854221708916,0.377911086623596,1.54991448411372,0.162103661537947,0.262527205709481,0.147996949247655,0.791632137690735,1.28719611818715,2.51591456771715,0.640203006157803,0.899466003390803,0.491467472972559,1.17952606413319,0.388604847127713,0.437344517432406,0.0405773018846858,0.213711984066556,0.447274703839007,0.640203006157803,1.2183322032965,0.380935619772408,0.164492839775712,0.452182227717546,0.0590621333050963,0.101383423681091,0.0899534811384268,0.395150561916511,0.950854221708916,0.899466003390803,0.380935619772408,1.46864342159974,0.291002518025928,0.733463011412192,0.118489962179604,0.156447000158325,0.0216992917001958,0.146653936779284,0.377911086623596,0.491467472972559,0.164492839775712,0.291002518025928,1.15462357080171,0.472762459265366,0.184947656055666,0.164290946952814,0.146608057361491,0.462220650466662,1.54991448411372,1.17952606413319,0.452182227717546,0.733463011412192,0.472762459265366,2.19221163980735,0.26959565706863,0.429557698153001,-0.0240454927274718,0.0545356116819511,0.162103661537947,0.388604847127713,0.0590621333050963,0.118489962179604,0.184947656055666,0.26959565706863,1.19982314853892,0.312704774292289,0.00145539826871345,0.0724090390509519,0.262527205709481,0.437344517432406,0.101383423681091,0.156447000158325,0.164290946952814,0.429557698153001,0.312704774292289,1.33947408149687
1.1442965518215,0.27397405801203,0.461908310205728,0.279207355025942,0.0960043199825621,0.145728542534675,0.0779774375118285,0.230888980384532,0.0744264735282322,0.0836275950438699,0.27397405801203,1.90418649993945,1.28094524471932,1.25184022835932,0.366412210167174,0.532550002596772,0.279778294910262,0.722025842965672,0.318268357660371,0.298227104389315,0.461908310205728,1.28094524471932,3.84553672190442,1.85841052004927,0.619925818449819,1.07301087498593,0.548316326151873,1.78570114512868,0.565503546272857,0.583939900357781,0.279207355025942,1.25184022835932,1.85841052004927,3.37681447332604,0.981820143090912,1.18532412470087,0.794465002880846,1.76165734702312,0.985312315302155,0.932885019919815,0.0960043199825621,0.366412210167174,0.619925818449819,0.981820143090912,1.34154119053025,0.471393741808368,0.285417484886628,0.664492012793068,0.308035260108878,0.320597576988749,0.145728542534675,0.532550002596772,1.07301087498593,1.18532412470087,0.471393741808368,1.52167892386297,0.386904736292296,0.89679098315903,0.371667681489728,0.381545777934698,0.0779774375118285,0.279778294910262,0.548316326151873,0.794465002880846,0.285417484886628,0.386904736292296,1.25786829150711,0.67655904198869,0.400225299069795,0.363824737478072,0.230888980384532,0.722025842965672,1.78570114512868,1.76165734702312,0.664492012793068,0.89679098315903,0.67655904198869,2.49300187738581,0.720727625623615,0.797354643113422,0.0744264735282322,0.318268357660371,0.565503546272857,0.985312315302155,0.308035260108878,0.371667681489728,0.400225299069795,0.720727625623615,1.57633186442713,0.690605117413423,0.0836275950438699,0.298227104389315,0.583939900357781,0.932885019919815,0.320597576988749,0.381545777934698,0.363824737478072,0.797354643113422,0.690605117413423,1.66001797870595
1.10165469470999,0.233141503845082,0.347382939857086,0.117234934362022,-0.015802043995406,0.0403150743677927,0.0217186055346893,0.0928047334895305,0.0288148157777798,0.0286590909907531,0.233141503845082,1.93928974901753,1.25174030646108,1.21706892285881,0.27653319598701,0.470490009701634,0.27676915330468,0.669385852645525,0.371863941123818,0.3421857495272,0.347382939857086,1.25174030646108,3.65793363906899,1.57933455182385,0.388898355361649,0.889511317447678,0.5071485300462,1.5883940805242,0.613971742109057,0.607616085431747,0.117234934362022,1.21706892285881,1.57933455182385,2.91401713007528,0.528277603524738,0.786458775145269,0.673498476126152,1.33649008364101,1.07321507471524,0.969712046448726,-0.015802043995406,0.27653319598701,0.388898355361649,0.528277603524738,1.08450574030488,0.228822231788111,0.16654224635646,0.320367032366194,0.207317860314571,0.177356349493707,0.0403150743677927,0.470490009701634,0.889511317447678,0.786458775145269,0.228822231788111,1.33022650696178,0.303867628102279,0.606553528458899,0.287787943639954,0.246875270060521,0.0217186055346893,0.27676915330468,0.5071485300462,0.673498476126152,0.16654224635646,0.303867628102279,1.2309745122083,0.58275300554729,0.436149902706308,0.384089905043992,0.0928047334895305,0.669385852645525,1.5883940805242,1.33649008364101,0.320367032366194,0.606553528458899,0.58275300554729,2.19470425929234,0.775795724278984,0.834134697206811,0.0288148157777798,0.371863941123818,0.613971742109057,1.07321507471524,0.207317860314571,0.287787943639954,0.436149902706308,0.775795724278984,1.73711148304068,0.884618171033417,0.0286590909907531,0.3421857495272,0.607616085431747,0.969712046448726,0.177356349493707,0.246875270060521,0.384089905043992,0.834134697206811,0.884618171033417,1.84901383171367
1.13353526760536,0.193863433193005,0.450171776575834,0.056398781640608,0.00558428462844426,0.0975645147468812,-0.00324432391091825,0.137451224063942,-0.102818033037971,-0.0909735995906577,0.193863433193005,1.61007298954918,1.12947956769131,0.596087823307382,0.135106749343699,0.404754429529757,0.119076354952558,0.521952110984456,-0.0479322749615082,-0.0194027931896561,0.450171776575834,1.12947956769131,4.14209213798747,1.39871990494654,0.466448627217114,1.17929799596536,0.471400289196662,2.08051815455697,0.17562450702273,0.326475575460952,0.056398781640608,0.596087823307382,1.39871990494654,1.80165706746777,0.378498340125955,0.839147554235047,0.321093557041432,1.01820469542851,-0.165357209278727,-0.17749470499908,0.00558428462844426,0.135106749343699,0.466448627217114,0.378498340125955,1.09651233650197,0.318649421957856,0.0960129379949421,0.3792004572585,-0.12124408822646,-0.101811755103857,0.0975645147468812,0.404754429529757,1.17929799596536,0.839147554235047,0.318649421957856,1.49755794465231,0.280487216419784,0.878999760241957,0.0601547392486865,0.10783605598396,-0.00324432391091825,0.119076354952558,0.471400289196662,0.321093557041432,0.0960129379949421,0.280487216419784,1.11580263808954,0.492468975394134,0.0268062672923333,-0.0032921090115976,0.137451224063942,0.521952110984456,2.08051815455697,1.01820469542851,0.3792004572585,0.878999760241957,0.492468975394134,2.49124181388735,0.0641966147310427,0.211115392789915,-0.102818033037971,-0.0479322749615082,0.17562450702273,-0.165357209278727,-0.12124408822646,0.0601547392486865,0.0268062672923333,0.0641966147310427,0.768557891883283,-0.219236557641181,-0.0909735995906577,-0.0194027931896561,0.326475575460952,-0.17749470499908,-0.101811755103857,0.10783605598396,-0.0032921090115976,0.211115392789915,-0.219236557641181,0.74687260185712
1.19925479662602,0.445575196486162,0.620543571298068,0.547647557714285,0.194359650615865,0.252193053917788,0.173013841734477,0.43904907346238,0.260024674811654,0.250877294614453,0.445575196486162,2.29967320469809,1.84171979048572,2.08416648861301,0.672215293308747,0.882861568581562,0.57476963186208,1.41430300542134,0.808939033915118,0.806594326106602,0.620543571298068,1.84171979048572,4.69807342366563,2.96724621192575,1.02971793328611,1.65144139080611,1.02737414104261,3.00092967998642,1.31559964485977,1.37206929512591,0.547647557714285,2.08416648861301,2.96724621192575,4.84635632386791,1.51602045159353,1.78786630531124,1.40920531774306,3.06290918107245,2.13088243327006,2.02770387133448,0.194359650615865,0.672215293308747,1.02971793328611,1.51602045159353,1.50062181764113,0.657372511770108,0.538544408068656,1.1567323882239,0.781555701935109,0.789573927548909,0.252193053917788,0.882861568581562,1.65144139080611,1.78786630531124,0.657372511770108,1.79170863730186,0.686902846717046,1.53582588096872,0.865531892478148,0.876967732026625,0.173013841734477,0.57476963186208,1.02737414104261,1.40920531774306,0.538544408068656,0.686902846717046,1.4992427519722,1.23647832132219,0.823689294328501,0.771127704964024,0.43904907346238,1.41430300542134,3.00092967998642,3.06290918107245,1.1567323882239,1.53582588096872,1.23647832132219,3.75556580712225,1.62030751132292,1.67041961020201,0.260024674811654,0.808939033915118,1.31559964485977,2.13088243327006,0.781555701935109,0.865531892478148,0.823689294328501,1.62030751132292,2.17179463099399,1.29362424142337,0.250877294614453,0.806594326106602,1.37206929512591,2.02770387133448,0.789573927548909,0.876967732026625,0.771127704964024,1.67041961020201,1.29362424142337,2.13910120037913
1.2491029124554,0.359102094648217,0.691112869227977,0.384012051122004,0.130772027062852,0.223576534252684,0.0861506712411964,0.380474786296272,0.0181282232710225,0.0466250056727985,0.359102094648217,1.8771296633291,1.50660403334595,1.2392147055824,0.374974477913141,0.639968275086309,0.305333846617051,1.00100529823805,0.236688989847687,0.289922665840637,0.691112869227977,1.50660403334595,4.70277757404919,2.417458203058,0.867027652428503,1.55422919009097,0.77780146654148,2.89121436439716,0.640918784864038,0.848805589905519,0.384012051122004,1.2392147055824,2.417458203058,3.32993364581577,0.999310735847304,1.47644160288803,0.780310328408324,2.26350410065081,0.49554496955177,0.55691669976119,0.130772027062852,0.374974477913141,0.867027652428503,0.999310735847304,1.33877517828863,0.57495959686947,0.279135771745538,0.869597009682762,0.141211935156747,0.195902483673683,0.223576534252684,0.639968275086309,1.55422919009097,1.47644160288803,0.57495959686947,1.74119600767369,0.458708238952634,1.36329067882992,0.344766634617409,0.425933215051833,0.0861506712411964,0.305333846617051,0.77780146654148,0.780310328408324,0.279135771745538,0.458708238952634,1.25115924043863,0.862259909336434,0.236349693962188,0.23600499900066,0.380474786296272,1.00100529823805,2.89121436439716,2.26350410065081,0.869597009682762,1.36329067882992,0.862259909336434,3.46362204868077,0.612512294772987,0.832910845006672,0.0181282232710225,0.236688989847687,0.640918784864038,0.49554496955177,0.141211935156747,0.344766634617409,0.236349693962188,0.612512294772987,1.06930521402034,0.124633352172439,0.0466250056727985,0.289922665840637,0.848805589905519,0.55691669976119,0.195902483673683,0.425933215051833,0.23600499900066,0.832910845006672,0.124633352172439,1.09843526700986
1.27421819844009,0.547179151835063,0.697874410536163,0.719366271500937,0.231784299333121,0.275895443608582,0.214302785329366,0.508473552831602,0.331427084240663,0.330318935758387,0.547179151835063,2.57549165116925,2.01675140766224,2.56415592617661,0.791213213333315,0.956218344234582,0.68541706321756,1.59919930958472,1.03883524816834,1.01960418780244,0.697874410536163,2.01675140766224,4.60780655056004,3.30670027817527,1.06940554272401,1.53772440797815,1.08988122353236,2.89706319298696,1.57029439429065,1.58064137608394,0.719366271500937,2.56415592617661,3.30670027817527,5.7552409877517,1.73973313565772,1.90273929250424,1.63575386301629,3.47713698181194,2.61953448431915,2.50484427452345,0.231784299333121,0.791213213333315,1.06940554272401,1.73973313565772,1.55158946724655,0.661227632852214,0.588721391788486,1.22242737593259,0.911934521732245,0.910222446666221,0.275895443608582,0.956218344234582,1.53772440797815,1.90273929250424,0.661227632852214,1.72343667764623,0.697598421878975,1.46600173951343,0.982201353220626,0.969664897825361,0.214302785329366,0.68541706321756,1.08988122353236,1.63575386301629,0.588721391788486,0.697598421878975,1.55603433698202,1.32024676646007,0.971860241664705,0.929692962470025,0.508473552831602,1.59919930958472,2.89706319298696,3.47713698181194,1.22242737593259,1.46600173951343,1.32024676646007,3.77988958645067,1.92329135918755,1.97518369728749,0.331427084240663,1.03883524816834,1.57029439429065,2.61953448431915,0.911934521732245,0.982201353220626,0.971860241664705,1.92329135918755,2.46992839731911,1.63662991747515,0.330318935758387,1.01960418780244,1.58064137608394,2.50484427452345,0.910222446666221,0.969664897825361,0.929692962470025,1.97518369728749,1.63662991747515,2.5190884211977
1.17649391533494,0.348995709780036,0.480432965577276,0.35154670717884,0.109677610264602,0.14739055324099,0.0878511853389276,0.239907374688525,0.105314795788853,0.101736755376411,0.348995709780036,2.11763401339722,1.41818012631921,1.61631615932484,0.473210390202648,0.611810170519196,0.363123947371198,0.880049493173365,0.475583655814188,0.442570402787487,0.480432965577276,1.41818012631921,3.8114157648867,2.05395809875596,0.659158857508903,1.05029418509351,0.596825384703073,1.80502106896286,0.702915820176659,0.684195719514789,0.35154670717884,1.61631615932484,2.05395809875596,3.9212625814381,1.1315894894329,1.25412533708098,0.927718382025191,1.96082405389327,1.31578927670346,1.20156139091812,0.109677610264602,0.473210390202648,0.659158857508903,1.1315894894329,1.37432735382944,0.47500529475698,0.330584728592528,0.705154626491276,0.422402971338714,0.415829164048981,0.14739055324099,0.611810170519196,1.05029418509351,1.25412533708098,0.47500529475698,1.49331853233826,0.413486807015908,0.872270481732804,0.455483664180334,0.434369398896432,0.0878511853389276,0.363123947371198,0.596825384703073,0.927718382025191,0.330584728592528,0.413486807015908,1.29269772825016,0.714478115299196,0.491142849617939,0.431817447043003,0.239907374688525,0.880049493173365,1.80502106896286,1.96082405389327,0.705154626491276,0.872270481732804,0.714478115299196,2.48035993775207,0.861435027006092,0.879927613621496,0.105314795788853,0.475583655814188,0.702915820176659,1.31578927670346,0.422402971338714,0.455483664180334,0.491142849617939,0.861435027006092,1.72477957708367,0.82359817689578,0.101736755376411,0.442570402787487,0.684195719514789,1.20156139091812,0.415829164048981,0.434369398896432,0.431817447043003,0.879927613621496,0.82359817689578,1.73016025338715
1.44828662174748,0.552064699604458,0.672248941294962,1.44915981021025,0.535399736464021,0.449981236883781,0.465470558881031,0.93549814444812,0.914428337498279,0.993151912509507,0.552064699604458,1.82026065821743,1.11964502894418,2.10258944468192,0.758708411175728,0.718902923449716,0.686576560519917,1.42452720338893,1.28161970295295,1.35391434299828,0.672248941294962,1.11964502894418,2.94356293925514,3.04775012913251,1.12760012395975,1.2108982504882,1.15918717319634,2.63422080460995,2.11136215955794,2.32904376404073,1.44915981021025,2.10258944468192,3.04775012913251,7.47961261906597,2.44494689802694,2.11425199583103,2.37612935903923,4.72110467550443,4.72821604185164,5.10713959054559,0.535399736464021,0.758708411175728,1.12760012395975,2.44494689802694,1.85262010274496,0.798094111741427,0.883194137225849,1.7506891496147,1.61037763284267,1.74671615894573,0.449981236883781,0.718902923449716,1.2108982504882,2.11425199583103,0.798094111741427,1.7291591632081,0.816384380444356,1.66076080590252,1.42134386987861,1.52377390488531,0.465470558881031,0.686576560519917,1.15918717319634,2.37612935903923,0.883194137225849,0.816384380444356,1.83763232382645,1.84986227290093,1.70411960052357,1.87995954331243,0.93549814444812,1.42452720338893,2.63422080460995,4.72110467550443,1.7506891496147,1.66076080590252,1.84986227290093,4.7230348411102,3.50574185018286,4.02192957177825,0.914428337498279,1.28161970295295,2.11136215955794,4.72821604185164,1.61037763284267,1.42134386987861,1.70411960052357,3.50574185018286,4.43316748665408,4.24421953847328,0.993151912509507,1.35391434299828,2.32904376404073,5.10713959054559,1.74671615894573,1.52377390488531,1.87995954331243,4.02192957177825,4.24421953847328,5.58240579684874
1.16768257069383,0.360558311104986,0.473701182811963,0.352396675404223,0.104347065375462,0.143501592742985,0.0931704625894298,0.242499665416026,0.128768537361685,0.118698857495468,0.360558311104986,2.17256115928547,1.49182319567441,1.70354713624861,0.497950741123773,0.647461210070957,0.401294967291452,0.966291306427107,0.548048480254163,0.514451585722212,0.473701182811963,1.49182319567441,3.92586410333398,2.12804639519105,0.672938986939586,1.10998286089806,0.657941665347707,1.96447592377696,0.807598883176928,0.789860951252046,0.352396675404223,1.70354713624861,2.12804639519105,3.96063007882085,1.10644859467946,1.24376190175311,0.982914750543343,2.02806383898648,1.47356379414024,1.33031143919983,0.104347065375462,0.497950741123773,0.672938986939586,1.10644859467946,1.34082909855212,0.447288289094998,0.346270902410824,0.710635134475409,0.478675883282556,0.461323665236159,0.143501592742985,0.647461210070957,1.10998286089806,1.24376190175311,0.447288289094998,1.49045803385223,0.440762124907136,0.916738249061218,0.515452686359729,0.485793386166435,0.0931704625894298,0.401294967291452,0.657941665347707,0.982914750543343,0.346270902410824,0.440762124907136,1.32300418614923,0.780520427908338,0.555963577856852,0.486593529318835,0.242499665416026,0.966291306427107,1.96447592377696,2.02806383898648,0.710635134475409,0.916738249061218,0.780520427908338,2.61404032679221,0.98627864643353,0.984645839200209,0.128768537361685,0.548048480254163,0.807598883176928,1.47356379414024,0.478675883282556,0.515452686359729,0.555963577856852,0.98627864643353,1.8197825792217,0.915398396173412,0.118698857495468,0.514451585722212,0.789860951252046,1.33031143919983,0.461323665236159,0.485793386166435,0.486593529318835,0.984645839200209,0.915398396173412,1.7910377395557
1.12944366139839,0.368129834926383,0.611443008510112,0.442372108276946,0.16867621782234,0.259396793097251,0.164356816790879,0.441278007818933,0.22740958263327,0.223393988625266,0.368129834926383,2.14935181142998,1.81118831980762,1.85332709018111,0.609134492879968,0.868777044536285,0.546954642171437,1.39368961769241,0.734711316098106,0.742723554646609,0.611443008510112,1.81118831980762,4.93741215562899,3.02937130122542,1.08854967382473,1.80409243764035,1.08963596205214,3.26854367902279,1.34902696537236,1.45287287888098,0.442372108276946,1.85332709018111,3.02937130122542,4.58738627111111,1.46989742188469,1.88391623187393,1.41534782057661,3.2137409641929,2.03249692517073,1.974664061936,0.16867621782234,0.609134492879968,1.08854967382473,1.46989742188469,1.51023524667895,0.720328061147833,0.54152311953064,1.24298234416205,0.73380305763051,0.753436709336141,0.259396793097251,0.868777044536285,1.80409243764035,1.88391623187393,0.720328061147833,1.89569460886654,0.722499002234484,1.72147239988154,0.876671451867967,0.914612748415266,0.164356816790879,0.546954642171437,1.08963596205214,1.41534782057661,0.54152311953064,0.722499002234484,1.52081354210769,1.34554385562427,0.840652916963243,0.810345773747336,0.441278007818933,1.39368961769241,3.26854367902279,3.2137409641929,1.24298234416205,1.72147239988154,1.34554385562427,4.12441544113473,1.733642327651,1.86065693259982,0.22740958263327,0.734711316098106,1.34902696537236,2.03249692517073,0.73380305763051,0.876671451867967,0.840652916963243,1.733642327651,2.23493978860807,1.4004681508969,0.223393988625266,0.742723554646609,1.45287287888098,1.974664061936,0.753436709336141,0.914612748415266,0.810345773747336,1.86065693259982,1.4004681508969,2.3030405296476
1.2875282913894,0.56616003881445,0.894395006382878,0.873076418704533,0.330636322483627,0.400989700583747,0.258766092709773,0.728173549630564,0.348390874805686,0.387987252128425,0.56616003881445,2.38205745814534,2.09903009648811,2.55065056652383,0.882951673108137,1.07768321280063,0.702469698731716,1.84512397352925,0.965925115968142,1.02815928831424,0.894395006382878,2.09903009648811,5.26970918694016,4.13376563789671,1.55823310787724,2.09883618660581,1.32183662282282,3.96889586096316,1.70819347796646,1.92203300348708,0.873076418704533,2.55065056652383,4.13376563789671,6.61731694914023,2.31321623382929,2.63744481061022,1.89239453063065,4.68252104047443,2.71131238011703,2.85751986999162,0.330636322483627,0.882951673108137,1.55823310787724,2.31321623382929,1.86780862234127,1.06748433384639,0.72983786196114,1.8370341936371,0.979097380605066,1.07425809498385,0.400989700583747,1.07768321280063,2.09883618660581,2.63744481061022,1.06748433384639,2.15639742818864,0.856483409229957,2.17393232341495,1.09212346855248,1.19085249449494,0.258766092709773,0.702469698731716,1.32183662282282,1.89239453063065,0.72983786196114,0.856483409229957,1.61859945975634,1.6494765954819,0.993409787349083,1.02506457314244,0.728173549630564,1.84512397352925,3.96889586096316,4.68252104047443,1.8370341936371,2.17393232341495,1.6494765954819,5.07041702001922,2.20205256941123,2.4859122770067,0.348390874805686,0.965925115968142,1.70819347796646,2.71131238011703,0.979097380605066,1.09212346855248,0.993409787349083,2.20205256941123,2.52006462349947,1.78371761762642,0.387987252128425,1.02815928831424,1.92203300348708,2.85751986999162,1.07425809498385,1.19085249449494,1.02506457314244,2.4859122770067,1.78371761762642,2.77341842775332
1.68436922237373,0.645313480095858,0.7928156236495,1.65239184930036,0.599908555482599,0.454019439090948,0.438639552824363,0.962663968288517,0.811826025371908,0.948625287406619,0.645313480095858,1.63104363559933,0.728850148866879,1.72391999859411,0.636762883079127,0.500398126620776,0.460740897287916,1.00752926609532,0.842428992111625,0.979049914008172,0.7928156236495,0.728850148866879,2.22991188691785,2.39397038839447,0.928151540817221,0.791376235932043,0.740953366966763,1.84212512245504,1.30359275706044,1.62010924374034,1.65239184930036,1.72391999859411,2.39397038839447,6.96853018473154,2.31062493244232,1.79257651878374,1.8401585066798,3.87567505916023,3.47222758723676,4.07465315728871,0.599908555482599,0.636762883079127,0.928151540817221,2.31062493244232,1.83024249276591,0.721172631348003,0.68563219962599,1.47015284329671,1.170362396507,1.38812470300938,0.454019439090948,0.500398126620776,0.791376235932043,1.79257651878374,0.721172631348003,1.55607984529877,0.548170056007411,1.18922048982007,0.91165523069492,1.07928565065524,0.438639552824363,0.460740897287916,0.740953366966763,1.8401585066798,0.68563219962599,0.548170056007411,1.56442943006949,1.27966096133572,1.11435235222788,1.33859885783714,0.962663968288517,1.00752926609532,1.84212512245504,3.87567505916023,1.47015284329671,1.18922048982007,1.27966096133572,3.73391511650481,2.31451477332837,2.93184677511841,0.811826025371908,0.842428992111625,1.30359275706044,3.47222758723676,1.170362396507,0.91165523069492,1.11435235222788,2.31451477332837,3.29769206793798,3.02158386602302,0.948625287406619,0.979049914008172,1.62010924374034,4.07465315728871,1.38812470300938,1.07928565065524,1.33859885783714,2.93184677511841,3.02158386602302,4.4725685071807
