0,1,2,3,4,5,6,7,8,9,10,11,12,13,14,15,16,17,18,19,20,21,22,23,24,25,26,27,28,29,30,31,32,33,34,35,36,37,38,39,40,41,42,43,44,45,46,47,48,49,50,51,52,53,54,55,56,57,58,59,60,61,62,63
73.0073021746417,-11.120259168311566,-10.161935705893395,-9.238906559092209,-8.567882000684278,-9.514035874120765,-8.601132756861086,-9.986822850337774,-11.120259168311566,69.08716258004644,-9.82472630922831,-10.248379285232202,-12.92436909161282,-9.834406745894386,-9.571631579364015,-8.75058834692797,-10.161935705893395,-9.82472630922831,71.17227267761447,-6.84122540901228,-13.320466912717999,-11.351459487220817,-11.245901640895974,-9.806015116695548,-9.238906559092209,-10.248379285232202,-6.84122540901228,67.77631211804508,-9.021072697947579,-10.67414787303623,-11.857027093096356,-10.123672771574327,-8.567882000684278,-12.92436909161282,-13.320466912717999,-9.021072697947579,71.10912901661449,-11.209452724008294,-11.943397236891016,-9.477923779274068,-9.514035874120765,-9.834406745894386,-11.351459487220817,-10.67414787303623,-11.209452724008294,73.4423170811135,-7.5199402983192325,-10.695674013296712,-8.601132756861086,-9.571631579364015,-11.245901640895974,-11.857027093096356,-11.943397236891016,-7.5199402983192325,73.26058154405267,-11.524039512938382,-9.986822850337774,-8.75058834692797,-9.806015116695548,-10.123672771574327,-9.477923779274068,-10.695674013296712,-11.524039512938382,72.12639656843781
300.2297058532137,-45.29465453853801,-43.397901327942975,-39.01708627496093,-38.68371871995747,-41.29974039853755,-39.994564490089054,-41.42050443021393,-45.29465453853801,293.47632363251074,-40.81816591408065,-42.68293930589279,-49.150147227430736,-40.89221176652261,-40.09396006955602,-37.47050609509928,-43.397901327942975,-40.81816591408065,296.24883723964615,-32.412240954686524,-50.15131880105805,-45.49571254841071,-46.16198287796387,-41.80051561786407,-39.01708627496093,-42.68293930589279,-32.412240954686524,286.9839794247236,-39.61761079765243,-42.36114278336078,-48.98626864921515,-42.29619198687027,-38.68371871995747,-49.150147227430736,-50.15131880105805,-39.61761079765243,296.02031830805424,-45.65996184538572,-47.76069633262827,-40.463013496752204,-41.29974039853755,-40.89221176652261,-45.49571254841071,-42.36114278336078,-45.65996184538572,302.9063345182835,-35.638148974358366,-43.497187824216056,-39.994564490089054,-40.09396006955602,-46.16198287796387,-48.98626864921515,-47.76069633262827,-35.638148974358366,301.82977512240296,-46.58035283548885,-41.42050443021393,-37.47050609509928,-41.80051561786407,-42.29619198687027,-40.463013496752204,-43.497187824216056,-46.58035283548885,302.1055494092553
26.986346654333992,-4.241370676201444,-3.834621569315426,-3.159861514963775,-3.123860232887151,-3.3638112531895574,-2.6692935633560375,-3.617765251818928,-4.241370676201444,26.022974928083396,-3.5384698809744535,-4.132829553472009,-5.507012224392532,-3.598549038048632,-3.7241246873286644,-3.502541680429787,-3.834621569315426,-3.5384698809744535,26.907210228160825,-2.196307089351022,-5.298351189405659,-4.97282692226556,-4.31301891667113,-3.6365592311383237,-3.159861514963775,-4.132829553472009,-2.196307089351022,25.219168670984597,-3.280347941110662,-4.04979979934658,-4.758987018272755,-4.0548355228789195,-3.123860232887151,-5.507012224392532,-5.298351189405659,-3.280347941110662,26.837179771059635,-4.132831673133303,-4.6212273265899295,-3.3859789125348754,-3.3638112531895574,-3.598549038048632,-4.97282692226556,-4.04979979934658,-4.132831673133303,28.694695116362084,-2.306068629160758,-4.224780963310682,-2.6692935633560375,-3.7241246873286644,-4.31301891667113,-4.758987018272755,-4.6212273265899295,-2.306068629160758,28.42494816331995,-4.488993565487862,-3.617765251818928,-3.502541680429787,-3.6365592311383237,-4.0548355228789195,-3.3859789125348754,-4.224780963310682,-4.488993565487862,27.27378186183898
78.66648546933332,-12.400611037284287,-10.82297998888075,-9.717427709529359,-9.724977979921043,-10.631433530344768,-9.004226455470766,-10.941247915158783,-12.400611037284287,76.78414237844895,-10.683285731454323,-11.481328823354431,-13.903379086888105,-10.70871879613233,-10.51185345641591,-9.690461025483788,-10.82297998888075,-10.683285731454323,77.97741671241496,-7.676240867253419,-14.054176131349683,-12.921189006728277,-12.100859054510359,-11.171868263633467,-9.717427709529359,-11.481328823354431,-7.676240867253419,74.84212942940871,-9.999824161298742,-11.102841922261309,-13.39498059915644,-11.293662542414106,-9.724977979921043,-13.903379086888105,-14.054176131349683,-9.999824161298742,77.79132815918491,-12.361840476857651,-12.895601568976813,-10.570733286114294,-10.631433530344768,-10.70871879613233,-12.921189006728277,-11.102841922261309,-12.361840476857651,80.22355663236361,-7.844527804372428,-11.724849056784802,-9.004226455470766,-10.51185345641591,-12.100859054510359,-13.39498059915644,-12.895601568976813,-7.844527804372428,79.51884961390688,-12.832252091864435,-10.941247915158783,-9.690461025483788,-11.171868263633467,-11.293662542414106,-10.570733286114294,-11.724849056784802,-12.832252091864435,79.46064211667988
23.229759031478082,16.27664147816458,16.96162409158335,19.57352457391137,18.123580868206673,17.614448795249842,18.64479978763491,20.6575804637926,16.27664147816458,26.741750197137016,18.515569812330035,22.53990441131364,17.770828427405434,22.316369857041256,18.700687047704868,22.659656102226286,16.96162409158335,18.515569812330035,24.897570313585135,22.63703159662527,14.111841529725734,18.451451195153957,15.769131773788821,18.381890748952053,19.57352457391137,22.53990441131364,22.63703159662527,24.907010073684972,18.759282164310054,22.149093048231457,17.401009465736756,21.041636956644787,18.123580868206673,17.770828427405434,14.111841529725734,18.759282164310054,23.94431767235295,16.72300449598676,15.885687811831662,20.3286834132805,17.614448795249842,22.316369857041256,18.451451195153957,22.149093048231457,16.72300449598676,31.928484667098317,22.224033844872302,20.063967428183982,18.64479978763491,18.700687047704868,15.769131773788821,17.401009465736756,15.885687811831662,22.224033844872302,27.18935588576761,16.507216653802967,20.6575804637926,22.659656102226286,18.381890748952053,21.041636956644787,20.3286834132805,20.063967428183982,16.507216653802967,28.400868985933613
43.319421954177436,-6.790948914961943,-5.938485875328899,-4.891850913277354,-5.170379773228911,-5.817826342456135,-4.787938871224542,-6.260604317253568,-6.790948914961943,41.2783265458281,-5.916541959559459,-6.433812154358451,-8.220643631031876,-5.959710218315772,-5.350479920780482,-4.998678693795538,-5.938485875328899,-5.916541959559459,43.04573105228261,-3.6619523524196,-7.905050013393516,-7.104311564346212,-6.915926368005692,-6.061158954616903,-4.891850913277354,-6.433812154358451,-3.6619523524196,40.382794821431624,-5.310042786239462,-6.3549879046246645,-7.133527075812344,-6.681110075719538,-5.170379773228911,-8.220643631031876,-7.905050013393516,-5.310042786239462,42.61139462396407,-6.693848211201635,-7.322257037703668,-5.634905737539892,-5.817826342456135,-5.959710218315772,-7.104311564346212,-6.3549879046246645,-6.693848211201635,44.73474886982372,-3.948647795656319,-6.94503498668687,-4.787938871224542,-5.350479920780482,-6.915926368005692,-7.133527075812344,-7.322257037703668,-3.948647795656319,44.17979126186774,-6.950256165040012,-6.260604317253568,-4.998678693795538,-6.061158954616903,-6.681110075719538,-5.634905737539892,-6.94503498668687,-6.950256165040012,43.57815848289305
211.05800664378611,-32.29030856306489,-30.44348904409249,-27.025498157414468,-27.103215029401966,-29.041157755313137,-27.621794718855416,-28.864345471162043,-32.29030856306489,204.22033350552095,-28.52202020596684,-30.132752866628138,-34.832802894479556,-28.745094843141636,-28.495481190446274,-26.175027441187176,-30.44348904409249,-28.52202020596684,207.54969246693787,-21.79705374824687,-35.52726142612846,-31.769513784234597,-32.74762705404252,-29.24366701758519,-27.025498157414468,-30.132752866628138,-21.79705374824687,200.631296728222,-27.179436005198703,-29.48872850851214,-34.37279798317803,-30.17423799446379,-27.103215029401966,-34.832802894479556,-35.52726142612846,-27.179436005198703,208.2250857269298,-32.315002341352624,-33.143741768167885,-28.463402334055043,-29.041157755313137,-28.745094843141636,-31.769513784234597,-29.48872850851214,-32.315002341352624,213.2282388858175,-24.726559337853548,-30.66723855571206,-27.621794718855416,-28.495481190446274,-32.74762705404252,-34.37279798317803,-33.143741768167885,-24.726559337853548,211.98834271224004,-32.73989010472813,-28.864345471162043,-26.175027441187176,-29.24366701758519,-30.17423799446379,-28.463402334055043,-30.66723855571206,-32.73989010472813,211.61657353154393
43.94479936252687,32.03404631862808,32.991829637781336,37.674029638406054,35.372967366702845,34.45969458601195,35.79154056912586,38.30764467732933,32.03404631862808,48.58510365967523,35.485032003952426,42.2878713372678,33.75809479823699,41.29035229201891,35.05057326023089,40.71677701829172,32.991829637781336,35.485032003952426,45.30717126838529,42.01080391509929,28.085489977516687,35.23951987327071,29.986715188652187,33.96080087509193,37.674029638406054,42.2878713372678,42.01080391509929,45.755534338358565,35.93658216168821,41.36888251859078,33.17748016864503,38.89283964607091,35.372967366702845,33.75809479823699,28.085489977516687,35.93658216168821,44.78598591637564,32.44682414835994,31.446142188559257,37.940497114899735,34.45969458601195,41.29035229201891,35.23951987327071,41.36888251859078,32.44682414835994,57.62235475453131,42.32559974703476,37.2672468909432,35.79154056912586,35.05057326023089,29.986715188652187,33.17748016864503,31.446142188559257,42.32559974703476,50.16456243132242,31.495529702655524,38.30764467732933,40.71677701829172,33.96080087509193,38.89283964607091,37.940497114899735,37.2672468909432,31.495529702655524,50.9965974543197
2.015387976512159,1.2051365724709822,1.2958010754637175,1.4480841469153054,1.1612701227169904,1.151002536579539,1.4399109310183547,1.7476987752656976,1.2051365724709822,2.435454245448743,1.5807450001510328,1.8541069571044866,1.246362279421334,1.8897278100367776,1.3869865815099611,1.9227048816035999,1.2958010754637175,1.5807450001510328,2.2919845041314444,1.8689761547217243,0.9223588219706225,1.5868250445409322,1.2857524212352176,1.5463370992549241,1.4480841469153054,1.8541069571044866,1.8689761547217243,2.139051706637812,1.4360419299713847,1.8998065677008553,1.2560347544676085,1.680962199714474,1.1612701227169904,1.246362279421334,0.9223588219706225,1.4360419299713847,1.9837111482341314,1.0013647789910545,0.9562014585013499,1.5401408430944483,1.151002536579539,1.8897278100367776,1.5868250445409322,1.8998065677008553,1.0013647789910545,2.989467652347671,1.7142136143290236,1.5294886368257448,1.4399109310183547,1.3869865815099611,1.2857524212352176,1.2560347544676085,0.9562014585013499,1.7142136143290236,2.222870866497334,1.065423334730084,1.7476987752656976,1.9227048816035999,1.5463370992549241,1.680962199714474,1.5401408430944483,1.5294886368257448,1.065423334730084,2.7067407761379227
5.391912333426611,3.365474305947785,3.525071490614853,4.218514460903914,3.700393880910304,3.6019495643363255,3.8762477162149973,4.635708491058118,3.365474305947785,6.5592699900814475,4.330869746054927,5.286113586842977,3.7250466604030157,5.11220951139663,3.7949537236584727,5.5930438059514485,3.525071490614853,4.330869746054927,6.051878591887836,5.218207023856718,2.7459093422854126,4.2719020278378705,3.2301537087925736,4.187193099556584,4.218514460903914,5.286113586842977,5.218207023856718,5.679774513777876,3.9338797846571802,5.148985384880995,3.706785371172927,4.834481934571418,3.700393880910304,3.7250466604030157,2.7459093422854126,3.9338797846571802,5.229995783368718,3.3871925955208964,3.205498678325842,4.30962278273218,3.6019495643363255,5.11220951139663,4.2719020278378705,5.148985384880995,3.3871925955208964,7.786121896157467,4.72522347565974,4.556168251762624,3.8762477162149973,3.7949537236584727,3.2301537087925736,3.706785371172927,3.205498678325842,4.72522347565974,6.279941807832394,3.3444176557842162,4.635708491058118,5.5930438059514485,4.187193099556584,4.834481934571418,4.30962278273218,4.556168251762624,3.3444176557842162,7.2304873345827865
199.45789592711253,-30.19923392799747,-28.525749731896575,-25.733889062039257,-24.80697231068367,-27.28914120136959,-25.818024184029348,-27.07550436310892,-30.19923392799747,193.7500675701731,-27.350211765042364,-28.4772786861365,-33.499979492939175,-27.420626171018718,-26.370988792531755,-24.281330887902634,-28.525749731896575,-27.350211765042364,196.85020682515642,-21.21181778267844,-33.96577053469015,-30.669252933117413,-30.868323453307866,-28.154193289112918,-25.733889062039257,-28.4772786861365,-21.21181778267844,189.7210296819154,-25.59571697878368,-27.58193329566728,-32.44484068608547,-28.19524862448557,-24.80697231068367,-33.499979492939175,-33.96577053469015,-25.59571697878368,196.00465111735917,-30.56076996354108,-31.81189026699034,-26.320175342057226,-27.28914120136959,-27.420626171018718,-30.669252933117413,-27.58193329566728,-30.56076996354108,200.8355317406182,-23.225583244641,-29.47662438549115,-25.818024184029348,-26.370988792531755,-30.868323453307866,-32.44484068608547,-31.81189026699034,-23.225583244641,200.72526105844312,-31.154124135556692,-27.07550436310892,-24.281330887902634,-28.154193289112918,-28.19524862448557,-26.320175342057226,-29.47662438549115,-31.154124135556692,200.15978300283768
150.52298506653597,-22.902226781315477,-21.45096288513284,-18.966968484856636,-18.563179762289913,-20.536107724571718,-19.086295668422157,-20.748287392095516,-22.902226781315477,145.45343856091043,-19.80786686707583,-21.527518863068888,-25.260897762689602,-20.61822118737726,-19.678170602970077,-18.453774236354704,-21.45096288513284,-19.80786686707583,148.3908288773403,-14.948050054565988,-26.308044002818527,-23.818420013811696,-23.293484072515852,-21.34235404105972,-18.966968484856636,-21.527518863068888,-14.948050054565988,142.73246110448304,-19.269015502104264,-21.058446157669877,-24.619240813164716,-21.177015955035735,-18.563179762289913,-25.260897762689602,-26.308044002818527,-19.269015502104264,147.90002765540544,-22.959449916636526,-24.426561080284586,-19.91807017372903,-20.536107724571718,-20.61822118737726,-23.818420013811696,-21.058446157669877,-22.959449916636526,151.89188348911182,-16.700475187928596,-22.49539621180542,-19.086295668422157,-19.678170602970077,-23.293484072515852,-24.619240813164716,-24.426561080284586,-16.700475187928596,151.3820076408271,-23.935409362339968,-20.748287392095516,-18.453774236354704,-21.34235404105972,-21.177015955035735,-19.91807017372903,-22.49539621180542,-23.935409362339968,150.5588554654092
90.11355018373692,-13.916891488307208,-12.870394728814798,-11.00867020561525,-10.246958931865766,-12.053883147164633,-11.069350388981853,-12.390014630440309,-13.916891488307208,86.26214000599224,-12.034877304423675,-12.937564757135725,-15.453082975212677,-12.151828535986109,-11.702168519237516,-10.931814848685775,-12.870394728814798,-12.034877304423675,88.34498566534701,-8.660652645903728,-16.20790814647828,-14.183311987910988,-13.983399058611358,-12.610124415165608,-11.00867020561525,-12.937564757135725,-8.660652645903728,84.54566032803925,-11.337557593126814,-12.778586556225815,-14.84450244867086,-12.921294896747069,-10.246958931865766,-15.453082975212677,-16.20790814647828,-11.337557593126814,88.05267305737141,-14.147801044137669,-14.46989701836387,-12.11795606569116,-12.053883147164633,-12.151828535986109,-14.183311987910988,-12.778586556225815,-14.147801044137669,90.83186078029591,-9.291010723320234,-13.305803828459881,-11.069350388981853,-11.702168519237516,-13.983399058611358,-14.84450244867086,-14.46989701836387,-9.291010723320234,90.82937050128756,-14.241706524515484,-12.390014630440309,-10.931814848685775,-12.610124415165608,-12.921294896747069,-12.11795606569116,-13.305803828459881,-14.241706524515484,89.7893891703686
146.749877764606,-22.584733042106944,-21.143756689222393,-18.764004386148684,-18.160617602124574,-20.112173839683862,-18.37996451674175,-20.595600912709138,-22.584733042106944,142.30312425917012,-19.472122696179937,-21.107967340554836,-25.066607303301968,-19.751733802129234,-19.20240654162658,-18.34351502670762,-21.143756689222393,-19.472122696179937,144.7343061940418,-15.018556988837135,-25.84541953663555,-22.27390236822325,-22.933212072425228,-20.734347412604542,-18.764004386148684,-21.107967340554836,-15.018556988837135,139.23728793964014,-18.679613403513187,-20.641268101577836,-24.407375920231736,-20.76724585605495,-18.160617602124574,-25.066607303301968,-25.84541953663555,-18.679613403513187,144.19133535577348,-22.65294325875326,-23.48517602749917,-19.10498073405882,-20.112173839683862,-19.751733802129234,-22.27390236822325,-20.641268101577836,-22.65294325875326,148.49751963575642,-16.394319786516448,-21.579915395188127,-18.37996451674175,-19.20240654162658,-22.933212072425228,-24.407375920231736,-23.48517602749917,-16.394319786516448,147.98151256652343,-22.553662873688495,-20.595600912709138,-18.34351502670762,-20.734347412604542,-20.76724585605495,-19.10498073405882,-21.579915395188127,-22.553662873688495,146.9309177296295
7.110076181623646,4.812577934114779,4.932477435272645,5.795755835630585,5.114035782357205,5.201364858558713,5.700540735325266,6.125022474768747,4.812577934114779,8.407521599430662,5.788400262488839,6.792141714251523,5.236235059533179,6.94992540489684,5.585008489239449,7.283813835558824,4.932477435272645,5.788400262488839,7.793686569903082,7.045648304520196,3.947028836124447,5.627075466216052,4.57641565359195,5.7771478452480345,5.795755835630585,6.792141714251523,7.045648304520196,7.658207396947543,5.302828926387351,6.9400647852391915,5.059141273280645,6.51361389296008,5.114035782357205,5.236235059533179,3.947028836124447,5.302828926387351,6.958619700569166,4.522018314875137,4.35870071592405,5.753530068867285,5.201364858558713,6.94992540489684,5.627075466216052,6.9400647852391915,4.522018314875137,10.538410815862662,6.799173445618336,6.184401886229835,5.700540735325266,5.585008489239449,4.57641565359195,5.059141273280645,4.35870071592405,6.799173445618336,8.509777445921838,4.810618838759944,6.125022474768747,7.283813835558824,5.7771478452480345,6.51361389296008,5.753530068867285,6.184401886229835,4.810618838759944,9.217245007098573
18.179481140108084,12.216752157274634,12.680839124675781,14.952426372292296,13.550229389602563,13.274480151736999,14.003153462762878,15.60098204689158,12.216752157274634,20.40412675267085,14.212923867747683,17.074762735934783,13.267449863059557,16.901941971573706,13.616665823398172,16.84107768668406,12.680839124675781,14.212923867747683,19.30224155690443,17.407364103154887,10.345755022664157,14.098419942693162,11.32379097872941,13.736202405358465,14.952426372292296,17.074762735934783,17.407364103154887,18.709300716142074,13.786950269734083,16.854239563201663,12.72959213178822,15.979183068538457,13.550229389602563,13.267449863059557,10.345755022664157,13.786950269734083,18.166161125323768,11.899570203298133,11.856212964597734,15.03703265246229,13.274480151736999,16.901941971573706,14.098419942693162,16.854239563201663,11.899570203298133,24.728889331384295,16.687615186010355,14.946295297160807,14.003153462762878,13.616665823398172,11.32379097872941,12.72959213178822,11.856212964597734,16.687615186010355,21.004166567148477,12.121398139287702,15.60098204689158,16.84107768668406,13.736202405358465,15.979183068538457,15.03703265246229,14.946295297160807,12.121398139287702,21.724475550876267
14.787866236929494,9.76142262565593,10.286646067368846,12.094128825754972,10.80516722010291,10.7986242663989,11.347492477374558,12.867454488522483,9.76142262565593,16.95842680617224,11.527234162935416,14.168416211586386,11.043440862608731,14.379428061756347,11.2471463029493,14.248556400913728,10.286646067368846,11.527234162935416,15.56304771630661,14.354793285796783,8.325172091838095,11.608716763251529,9.562541627086496,11.173854361548955,12.094128825754972,14.168416211586386,14.354793285796783,15.620702522721677,11.208355902566787,14.14021513973016,10.70391330258543,13.22578026838648,10.80516722010291,11.043440862608731,8.325172091838095,11.208355902566787,14.835596614970191,9.977597548152515,9.444454505968855,12.491500394720486,10.7986242663989,14.379428061756347,11.608716763251529,14.14021513973016,9.977597548152515,20.64928260332418,14.101842103607272,12.695705018856682,11.347492477374558,11.2471463029493,9.562541627086496,10.70391330258543,9.444454505968855,14.101842103607272,17.520178656995856,9.89365699979259,12.867454488522483,14.248556400913728,11.173854361548955,13.22578026838648,12.491500394720486,12.695705018856682,9.89365699979259,18.38891412762243
1.2343759270155008,0.759016025074236,0.7592884004522624,0.9583121443641922,0.8304001691239593,0.8025083478589174,0.8120757669353336,1.1354221208538535,0.759016025074236,1.433096330458689,0.8694709711053494,1.1464460378227286,0.8493901256508753,1.110561966784423,0.9416573222621165,1.3062125799478594,0.7592884004522624,0.8694709711053494,1.5589965483977921,1.1955519412295175,0.5861422701601928,0.9772397673699373,0.618819009967598,0.9534892594912201,0.9583121443641922,1.1464460378227286,1.1955519412295175,1.4236975770432918,0.9377918519243338,1.1518793876607636,0.6988653221176557,1.0821315179765092,0.8304001691239593,0.8493901256508753,0.5861422701601928,0.9377918519243338,1.4043453048786465,0.8011309714831414,0.6473931299435827,1.0976390583724518,0.8025083478589174,1.110561966784423,0.9772397673699373,1.1518793876607636,0.8011309714831414,1.857198844125626,0.9396246945297704,1.028809168810255,0.8120757669353336,0.9416573222621165,0.618819009967598,0.6988653221176557,0.6473931299435827,0.9396246945297704,1.5349665710894183,0.7728759089233687,1.1354221208538535,1.3062125799478594,0.9534892594912201,1.0821315179765092,1.0976390583724518,1.028809168810255,0.7728759089233687,1.830389516612085
119.85795968097736,-18.332948779964404,-17.579111523477792,-14.656191407931432,-14.875019237567308,-16.786819954383034,-15.023359169262566,-16.21580034142309,-18.332948779964404,116.01360891368287,-16.029827831029692,-17.09443689781734,-20.67863460438371,-16.107670166038897,-15.648356376745639,-14.23775460319484,-17.579111523477792,-16.029827831029692,118.26403892161915,-11.755333084007788,-21.193472758904864,-18.777340724123185,-19.33044383141514,-16.897853331789598,-14.656191407931432,-17.09443689781734,-11.755333084007788,113.04169617181331,-15.49755895280162,-16.764619765129673,-20.138009953889238,-17.146963293663855,-14.875019237567308,-20.67863460438371,-21.193472758904864,-15.49755895280162,117.71612517734768,-18.251285256240486,-19.28806859403515,-15.849093476805065,-16.786819954383034,-16.107670166038897,-18.777340724123185,-16.764619765129673,-18.251285256240486,120.98605973138966,-12.585982974369637,-17.615519536433403,-15.023359169262566,-15.648356376745639,-19.33044383141514,-20.138009953889238,-19.28806859403515,-12.585982974369637,120.47942320473416,-18.383309070124398,-16.21580034142309,-14.23775460319484,-16.897853331789598,-17.146963293663855,-15.849093476805065,-17.615519536433403,-18.383309070124398,120.26075373631012
180.6557203934899,-27.885774107627675,-26.2120193383604,-23.499668137614236,-23.095024496081876,-24.35066062882359,-23.46193049600116,-25.0363209217383,-27.885774107627675,176.21028861749255,-24.35593328621691,-25.873936794846543,-30.420401888469904,-24.541133044548086,-24.11426301469848,-22.271473119224552,-26.2120193383604,-24.35593328621691,178.4805299734937,-18.548810729576516,-31.12226003436455,-27.546646802406364,-27.5964955795772,-25.362727367818977,-23.499668137614236,-25.873936794846543,-18.548810729576516,172.03131280990735,-23.64540539922575,-25.3471541838849,-29.45982908470299,-25.8478848917739,-23.095024496081876,-30.420401888469904,-31.12226003436455,-23.64540539922575,177.9618056728831,-27.80022700103746,-29.164819365190915,-24.077540030546007,-24.35066062882359,-24.541133044548086,-27.546646802406364,-25.3471541838849,-27.80022700103746,183.02910808776235,-20.38152430522581,-26.293415411745762,-23.46193049600116,-24.11426301469848,-27.5964955795772,-29.45982908470299,-29.164819365190915,-20.38152430522581,182.96803800270777,-28.4438380044465,-25.0363209217383,-22.271473119224552,-25.362727367818977,-25.8478848917739,-24.077540030546007,-26.293415411745762,-28.4438380044465,181.4537919624373
13.670816777181367,8.84151386383354,9.307005912260951,10.992079009153281,9.567725071646953,9.76170949594108,10.433999947708324,11.564175505603005,8.84151386383354,15.802114925361133,10.591585635926094,12.870854268658679,9.578449682208426,12.772182620224344,10.371583798705307,13.016509980008982,9.307005912260951,10.591585635926094,14.452333023304375,12.83861684229692,7.090238075032593,10.427820867224884,8.448986655208882,10.452513420679766,10.992079009153281,12.870854268658679,12.83861684229692,14.03905393410608,9.974669822828853,12.537535531588047,9.544516100815677,11.869239734437443,9.567725071646953,9.578449682208426,7.090238075032593,9.974669822828853,13.709411619693368,8.693338470996324,8.58569702607301,11.062764859021566,9.76170949594108,12.772182620224344,10.427820867224884,12.537535531588047,8.693338470996324,18.85650490766543,12.205009159343533,11.422508449767648,10.433999947708324,10.371583798705307,8.448986655208882,9.544516100815677,8.58569702607301,12.205009159343533,15.92348350582304,8.875409517295402,11.564175505603005,13.016509980008982,10.452513420679766,11.869239734437443,11.062764859021566,11.422508449767648,8.875409517295402,16.93904716441404
5.489211827439342,-0.8960849224856973,-0.7644391970934352,-0.6338432501206427,-0.5960899117134081,-0.7167529876536644,-0.5147355628702439,-0.7466993672933645,-0.8960849224856973,5.123589951071435,-0.7812492733222479,-0.9908134229283772,-1.3598665340181904,-0.7202810448623184,-0.6690048394452868,-0.7283256716054001,-0.7644391970934352,-0.7812492733222479,5.602029524402005,-0.2543799346724981,-1.1337338351407333,-0.8874980374654728,-0.929272457996136,-0.6992103121022066,-0.6338432501206427,-0.9908134229283772,-0.2543799346724981,5.302857629046233,-0.6140076966849668,-0.7988196018591256,-0.9958954928045657,-0.6249515347946231,-0.5960899117134081,-1.3598665340181904,-1.1337338351407333,-0.6140076966849668,5.456120414320875,-0.9231696007505954,-0.9359345929761478,-0.6042710550523024,-0.7167529876536644,-0.7202810448623184,-0.8874980374654728,-0.7988196018591256,-0.9231696007505954,5.696942825937299,-0.3104919490067497,-0.858036873112822,-0.5147355628702439,-0.6690048394452868,-0.929272457996136,-0.9958954928045657,-0.9359345929761478,-0.3104919490067497,5.608102502590455,-0.9724430539949858,-0.7466993672933645,-0.7283256716054001,-0.6992103121022066,-0.6249515347946231,-0.6042710550523024,-0.858036873112822,-0.9724430539949858,5.462958376829471
16.93121813590916,11.3434401812547,11.497384448005569,13.774567211425897,12.509936237758584,12.550480088589929,13.221159776151291,14.56410808615035,11.3434401812547,19.132893172431395,12.96058200110594,15.918804088654609,12.168803255660594,15.910729867703022,12.756653735559265,15.95374168093143,11.497384448005569,12.96058200110594,17.693937275389352,15.897418133496078,9.469912689719933,12.998301999880677,10.556994881531308,12.90225892614328,13.774567211425897,15.918804088654609,15.897418133496078,17.280042219089992,12.74597877862248,15.63411704929144,12.017836995563204,14.96467796916571,12.509936237758584,12.168803255660594,9.469912689719933,12.74597877862248,16.825246467500463,11.129419335674907,10.905232368483832,13.901675068184701,12.550480088589929,15.910729867703022,12.998301999880677,15.63411704929144,11.129419335674907,22.850052937838736,15.68623668545418,14.117218614396648,13.221159776151291,12.756653735559265,10.556994881531308,12.017836995563204,10.905232368483832,15.68623668545418,19.833858385310926,11.19366184768716,14.56410808615035,15.95374168093143,12.90225892614328,14.96467796916571,13.901675068184701,14.117218614396648,11.19366184768716,20.643729346294105
135.01217447475628,-21.566281543521313,-19.794820709239065,-17.067740156265376,-16.62250739207747,-18.72739728389582,-16.95269968698098,-18.746438233392748,-21.566281543521313,131.02701675654143,-17.84740296199434,-19.632753663889147,-23.219250983788854,-18.64598275632039,-17.054311993753664,-16.288432122617913,-19.794820709239065,-17.84740296199434,133.1205432976426,-13.794403086463763,-23.416609208580645,-21.123994148179477,-21.018893884634103,-18.68269570646723,-17.067740156265376,-19.632753663889147,-13.794403086463763,127.89530515002659,-17.59655641053465,-18.976234247506333,-22.229996301724533,-19.005613736645103,-16.62250739207747,-23.219250983788854,-23.416609208580645,-17.59655641053465,133.068866246783,-20.912658493103837,-21.755089580598508,-17.622142230764034,-18.72739728389582,-18.64598275632039,-21.123994148179477,-18.976234247506333,-20.912658493103837,136.9213461155878,-14.760829038178983,-19.89803707903169,-16.95269968698098,-17.054311993753664,-21.018893884634103,-22.229996301724533,-21.755089580598508,-14.760829038178983,136.70023972945484,-21.382248804022282,-18.746438233392748,-16.288432122617913,-18.68269570646723,-19.005613736645103,-17.622142230764034,-19.89803707903169,-21.382248804022282,135.92938846114293
17.82154732402406,-2.874584687867112,-2.4195544690152424,-1.7188876059954157,-1.9249562150425499,-2.211518214049456,-1.704486307446686,-2.479799066729994,-2.874584687867112,16.45148218257305,-2.2618514192469137,-2.855658811171056,-3.6708338617256864,-2.676300518259286,-2.3602594574199394,-2.2679166370145722,-2.4195544690152424,-2.2618514192469137,17.671338701652108,-1.133089421921248,-3.540409427245474,-3.1663676068160163,-2.8771471249006146,-2.37638079186256,-1.7188876059954157,-2.855658811171056,-1.133089421921248,16.460271034845537,-2.1353594088095975,-2.768402440216822,-2.845851361843274,-2.594515500846016,-1.9249562150425499,-3.6708338617256864,-3.540409427245474,-2.1353594088095975,17.54214684881603,-2.708870609196877,-2.9548501788475923,-2.171291042059567,-2.211518214049456,-2.676300518259286,-3.1663676068160163,-2.768402440216822,-2.708870609196877,18.3428757453686,-1.4521560609989015,-2.7361537548953443,-1.704486307446686,-2.3602594574199394,-2.8771471249006146,-2.845851361843274,-2.9548501788475923,-1.4521560609989015,18.073418406465443,-2.816932575447545,-2.479799066729994,-2.2679166370145722,-2.37638079186256,-2.594515500846016,-2.171291042059567,-2.7361537548953443,-2.816932575447545,17.90876290722276
277.25335259818337,-41.74352324045791,-40.04439073403071,-36.5828234493239,-35.64172625972594,-38.21518966819266,-37.38189167753349,-38.446758976708885,-41.74352324045791,270.6389990369843,-37.30452707250858,-39.8377279102109,-45.591417543609666,-37.92925465055232,-37.60843564080899,-34.444236912586454,-40.04439073403071,-37.30452707250858,274.4291748066158,-29.992774273620608,-45.575706331463245,-41.9959165728513,-42.63326382855849,-38.672064443088374,-36.5828234493239,-39.8377279102109,-29.992774273620608,266.0209626346441,-36.232884524215365,-38.3934864742325,-45.372131197831266,-39.256745551947894,-35.64172625972594,-45.591417543609666,-45.575706331463245,-36.232884524215365,274.13471174552376,-42.399152893409095,-44.42285904808148,-37.21292610771113,-38.21518966819266,-37.92925465055232,-41.9959165728513,-38.3934864742325,-42.399152893409095,279.7201607187913,-33.584571844953295,-40.350214923274535,-37.38189167753349,-37.60843564080899,-42.63326382855849,-45.372131197831266,-44.42285904808148,-33.584571844953295,279.60044834742376,-42.8432066293244,-38.446758976708885,-34.444236912586454,-38.672064443088374,-39.256745551947894,-37.21292610771113,-40.350214923274535,-42.8432066293244,278.8949305720168
286.78448629684584,-42.739296957476355,-40.88541134423071,-37.09039691156548,-36.95514087123309,-38.881316029994366,-38.69719415894812,-39.03190273573108,-42.739296957476355,280.22439770918436,-38.82886425150948,-40.96515785287229,-46.82307848199642,-39.16948446942749,-38.35710189747094,-36.255996692502144,-40.88541134423071,-38.82886425150948,283.1137589331301,-31.110147349387464,-47.640051683487386,-43.015717680047516,-44.30252630066306,-40.25565856272179,-37.09039691156548,-40.96515785287229,-31.110147349387464,274.6493712255601,-37.909389310985624,-39.81676438392774,-46.809101803042225,-40.68426542497211,-36.95514087123309,-46.82307848199642,-47.640051683487386,-37.909389310985624,282.7733485997251,-43.795124964111615,-45.9948157687889,-38.58649280386628,-38.881316029994366,-39.16948446942749,-43.015717680047516,-39.81676438392774,-43.795124964111615,288.9366678026717,-34.511226552862524,-41.15052689404865,-38.69719415894812,-38.35710189747094,-44.30252630066306,-46.809101803042225,-45.9948157687889,-34.511226552862524,287.5195343367796,-44.561908845842964,-39.03190273573108,-36.255996692502144,-40.25565856272179,-40.68426542497211,-38.58649280386628,-41.15052689404865,-44.561908845842964,287.3627204081248
0.3509473659266694,0.008058710244499043,-0.011503550740274532,-0.0005007278124627157,-0.029377893171200493,0.05371732572182446,-0.06894871326129759,-0.013673837046235426,0.008058710244499043,0.3323655556209466,-0.04831990396793801,0.10280207797915251,0.03668115844125866,0.054952421226997186,0.11620961515148248,0.20555490156900527,-0.011503550740274532,-0.04831990396793801,0.26782085796031974,0.020170910195126318,-0.16785303769565907,-0.13532293377407173,-0.1444248321003377,-0.0007357983072770213,-0.0005007278124627157,0.10280207797915251,0.020170910195126318,0.21259165949403178,-0.0428891022412214,0.01596462567021334,-0.048721633064110585,0.07034623998180234,-0.029377893171200493,0.03668115844125866,-0.16785303769565907,-0.0428891022412214,0.3271272297771363,0.020752406692442476,-0.034865361555050746,0.059599391010160645,0.05371732572182446,0.054952421226997186,-0.13532293377407173,0.01596462567021334,0.020752406692442476,0.36727002744976794,0.009623128208300441,0.1143328837074288,-0.06894871326129759,0.11620961515148248,-0.1444248321003377,-0.048721633064110585,-0.034865361555050746,0.009623128208300441,0.29405319708613,-0.055614782266584104,-0.013673837046235426,0.20555490156900527,-0.0007357983072770213,0.07034623998180234,0.059599391010160645,0.1143328837074288,-0.055614782266584104,0.3209999512571603
28.81892190676486,20.1840048383515,20.931367362263664,24.363908625296766,22.233272243997796,21.830323059525675,23.193161709876925,25.25783708422476,20.1840048383515,32.30736271346821,23.127979593107334,27.586395493405274,22.040554328680003,27.675758063907026,22.60619717124239,27.42614795311436,20.931367362263664,23.127979593107334,30.109035901961974,27.522981590561237,17.345803799896267,23.013237560999286,19.146249796922113,22.075468314635735,24.363908625296766,27.586395493405274,27.522981590561237,29.918261576521964,23.0290370808534,27.040917206328544,21.13686319087441,26.116191762008217,22.233272243997796,22.040554328680003,17.345803799896267,23.0290370808534,28.96118677085141,20.506899834857556,20.03716448891825,24.82205303719615,21.830323059525675,27.675758063907026,23.013237560999286,27.040917206328544,20.506899834857556,38.749518130350154,27.35220402080713,24.61043883733718,23.193161709876925,22.60619717124239,19.146249796922113,21.13686319087441,20.03716448891825,27.35220402080713,33.21167512438466,20.31917498449259,25.25783708422476,27.42614795311436,22.075468314635735,26.116191762008217,24.82205303719615,24.61043883733718,20.31917498449259,34.75998570739468
116.1910605145911,-17.93201724003913,-16.71320056766418,-14.764948474735709,-14.580559550949474,-15.755637988403562,-14.59810563758002,-15.991947773617094,-17.93201724003913,112.42474631766677,-15.87197956060621,-16.77879891593206,-19.884941895682893,-16.314500250274698,-14.791539770783725,-13.86251512654053,-16.71320056766418,-15.87197956060621,114.64282213919451,-11.572475912157298,-20.354266946087506,-18.006052372535706,-17.998432672714998,-16.01424877708952,-14.764948474735709,-16.77879891593206,-11.572475912157298,109.52052706688166,-14.792450461474365,-16.1873389466696,-19.044621068543126,-16.95644704372767,-14.580559550949474,-19.884941895682893,-20.354266946087506,-14.792450461474365,114.4172108259847,-18.04876184586581,-18.711628552563283,-15.373527460927843,-15.755637988403562,-16.314500250274698,-18.006052372535706,-16.1873389466696,-18.04876184586581,117.77926568524761,-12.658000049478122,-17.40935519428662,-14.59810563758002,-14.791539770783725,-17.998432672714998,-19.044621068543126,-18.711628552563283,-12.658000049478122,117.19095147164236,-18.038567005365856,-15.991947773617094,-13.86251512654053,-16.01424877708952,-16.95644704372767,-15.373527460927843,-17.40935519428662,-18.038567005365856,116.8063424839788
23.484193130230775,16.043975324892646,16.60587160630204,19.30535380696523,17.60657019694122,17.27717457505247,18.29140231506551,20.0860620619895,16.043975324892646,26.094707913105573,18.111787221091753,21.911626576079662,17.106916635146792,21.84170622535914,18.00004291502455,22.2051470124836,16.60587160630204,18.111787221091753,24.356854109599304,22.138270305912254,13.568412487083165,17.892380888430104,14.842026904252346,17.775279664448334,19.30535380696523,21.911626576079662,22.138270305912254,23.932962273390412,17.92141676129649,21.42253148010096,16.758988157153677,20.55890721650011,17.60657019694122,17.106916635146792,13.568412487083165,17.92141676129649,23.369051494751965,15.99303563450787,15.953074883349153,19.189008908093736,17.27717457505247,21.84170622535914,17.892380888430104,21.42253148010096,15.99303563450787,30.916250403440376,21.861623677162747,19.352409082598314,18.29140231506551,18.00004291502455,14.842026904252346,16.758988157153677,15.953074883349153,21.861623677162747,26.782984376245476,15.970775786069822,20.0860620619895,22.2051470124836,17.775279664448334,20.55890721650011,19.189008908093736,19.352409082598314,15.970775786069822,27.8537619529143
126.8774721874305,-19.57709637409665,-18.419159605512014,-15.840204240087008,-15.393037297406915,-17.07606296311789,-15.91216551507609,-17.41668848105258,-19.57709637409665,123.21677731837036,-17.437179894274685,-18.122759751773714,-21.686458615157036,-17.099042010852106,-16.685350265086367,-15.517133170867531,-18.419159605512014,-17.437179894274685,124.51001038120128,-12.495720671523493,-22.359408330127117,-19.647291001969165,-19.52889363255413,-17.517534541331315,-15.840204240087008,-18.122759751773714,-12.495720671523493,119.1473764174149,-16.1708905540294,-18.185935532988186,-20.703383001232478,-18.4247479474772,-15.393037297406915,-21.686458615157036,-22.359408330127117,-16.1708905540294,125.07892876292179,-19.283574443887176,-20.522587725670036,-16.676843168105325,-17.07606296311789,-17.099042010852106,-19.647291001969165,-18.185935532988186,-19.283574443887176,128.17721632675423,-13.707877817994852,-19.45845942173355,-15.91216551507609,-16.685350265086367,-19.52889363255413,-20.703383001232478,-20.522587725670036,-13.707877817994852,128.57497521675677,-20.10808200278636,-17.41668848105258,-15.517133170867531,-17.517534541331315,-18.4247479474772,-16.676843168105325,-19.45845942173355,-20.10808200278636,127.35267673731987
